06,037,101110,5095,+34.259112,-118.293052
06,037,101120,3435,+34.266194,-118.289358
06,037,101210,7457,+34.25335,-118.290029
06,037,101220,3485,+34.251142,-118.282267
06,037,101300,4205,+34.245701,-118.270863
06,037,101400,4044,+34.245323,-118.288712
06,037,102101,3556,+34.236073,-118.347918
06,037,102102,7314,+34.215706,-118.347983
06,037,103101,2834,+34.270304,-118.307339
06,037,103102,4867,+34.263405,-118.307508
06,037,103200,5779,+34.267729,-118.331524
06,037,103300,3870,+34.257634,-118.35428
06,037,103400,6579,+34.256287,-118.312854
06,037,104103,4555,+34.28261,-118.39254
06,037,104104,3979,+34.279336,-118.381073
06,037,104105,6634,+34.27535,-118.406232
06,037,104106,6173,+34.272581,-118.398777
06,037,104107,494,+34.291153,-118.374204
06,037,104201,6006,+34.285953,-118.416515
06,037,104202,9735,+34.281037,-118.408285
06,037,104310,4074,+34.280673,-118.425208
06,037,104320,7233,+34.273207,-118.419091
06,037,104401,5709,+34.268907,-118.430631
06,037,104402,6468,+34.263057,-118.433825
06,037,104500,6122,+34.254996,-118.427116
06,037,104610,4541,+34.260313,-118.419205
06,037,104620,4202,+34.257714,-118.422115
06,037,104701,5464,+34.268208,-118.415455
06,037,104702,7900,+34.260397,-118.404604
06,037,104810,6484,+34.250987,-118.412381
06,037,104820,6875,+34.246013,-118.417284
06,037,106010,4798,+34.322924,-118.441281
06,037,106020,7163,+34.320686,-118.428874
06,037,106111,4357,+34.320595,-118.408904
06,037,106112,5784,+34.313259,-118.419491
06,037,106113,3658,+34.306125,-118.421325
06,037,106114,6576,+34.30308,-118.428256
06,037,106402,7918,+34.319366,-118.454744
06,037,106403,4581,+34.304731,-118.440515
06,037,106404,6240,+34.311515,-118.438414
06,037,106510,3974,+34.320185,-118.47578
06,037,106520,7224,+34.307829,-118.459237
06,037,106602,5839,+34.286282,-118.490583
06,037,106603,3289,+34.308133,-118.509848
06,037,106604,6246,+34.30204,-118.468536
06,037,106605,7512,+34.291412,-118.456633
06,037,106606,301,+34.283337,-118.463904
06,037,106641,2522,+34.298778,-118.509229
06,037,106642,3113,+34.286246,-118.50696
06,037,106643,4048,+34.291563,-118.51951
06,037,107010,4117,+34.30257,-118.448035
06,037,107020,5483,+34.298033,-118.450947
06,037,108101,2378,+34.279176,-118.541134
06,037,108102,3705,+34.279834,-118.554532
06,037,108103,3794,+34.285083,-118.538756
06,037,108104,1801,+34.2939,-118.546424
06,037,108200,8148,+34.290565,-118.564079
06,037,109100,2760,+34.276537,-118.453672
06,037,109200,3482,+34.275299,-118.477554
06,037,109300,3236,+34.268548,-118.47811
06,037,109400,5584,+34.267666,-118.454752
06,037,109500,3436,+34.272557,-118.441612
06,037,109601,3707,+34.257783,-118.454327
06,037,109602,4561,+34.256117,-118.462991
06,037,109700,4696,+34.260913,-118.478726
06,037,109800,6482,+34.253393,-118.478277
06,037,111100,6106,+34.271869,-118.494393
06,037,111201,2758,+34.274936,-118.512172
06,037,111202,5289,+34.26822,-118.513246
06,037,111203,6729,+34.262359,-118.535677
06,037,111204,5735,+34.263528,-118.54816
06,037,111301,7587,+34.260748,-118.518821
06,037,111302,5706,+34.253405,-118.51832
06,037,111400,8165,+34.259296,-118.496947
06,037,113100,6104,+34.26433,-118.578476
06,037,113202,4540,+34.241814,-118.626148
06,037,113211,3889,+34.265349,-118.609939
06,037,113212,3336,+34.260601,-118.6015
06,037,113213,4914,+34.252805,-118.605702
06,037,113231,2200,+34.222637,-118.638726
06,037,113232,4159,+34.225646,-118.613487
06,037,113233,7633,+34.226061,-118.601535
06,037,113234,5199,+34.22386,-118.593191
06,037,113301,1944,+34.248512,-118.558359
06,037,113303,4086,+34.246121,-118.574022
06,037,113321,6249,+34.253177,-118.589985
06,037,113322,4122,+34.253391,-118.574028
06,037,113401,5890,+34.224867,-118.563596
06,037,113421,6953,+34.230217,-118.586551
06,037,113422,6961,+34.224849,-118.584179
06,037,115101,4565,+34.239573,-118.511529
06,037,115102,6170,+34.244374,-118.523106
06,037,115201,6463,+34.243669,-118.536722
06,037,115202,5312,+34.234013,-118.536325
06,037,115301,3733,+34.241373,-118.548593
06,037,115302,6530,+34.224544,-118.549647
06,037,115401,6477,+34.223657,-118.512752
06,037,115402,7301,+34.224069,-118.536318
06,037,117100,7737,+34.241553,-118.46163
06,037,117200,7135,+34.240804,-118.473323
06,037,117301,3856,+34.241761,-118.489611
06,037,117302,4855,+34.239015,-118.498565
06,037,117303,3436,+34.229824,-118.490311
06,037,117404,4402,+34.228388,-118.479736
06,037,117405,4902,+34.233514,-118.471032
06,037,117406,9369,+34.227433,-118.470543
06,037,117510,5467,+34.233673,-118.463282
06,037,117520,5094,+34.23003,-118.462823
06,037,117530,7009,+34.225264,-118.463817
06,037,119000,7277,+34.239915,-118.421164
06,037,119100,6034,+34.254588,-118.437255
06,037,119200,4822,+34.250072,-118.444501
06,037,119310,3872,+34.244989,-118.449276
06,037,119320,5172,+34.23858,-118.452667
06,037,119330,7341,+34.239322,-118.446673
06,037,119340,9171,+34.233628,-118.452247
06,037,119400,8186,+34.24188,-118.436764
06,037,119700,5389,+34.22758,-118.424369
06,037,119800,6766,+34.23368,-118.430269
06,037,119900,7187,+34.227301,-118.438957
06,037,120010,4149,+34.218581,-118.463673
06,037,120020,5454,+34.218298,-118.455112
06,037,120030,3787,+34.21528,-118.451864
06,037,120101,10322,+34.228016,-118.450735
06,037,120102,14770,+34.225729,-118.455565
06,037,120300,5898,+34.217263,-118.43999
06,037,120400,6710,+34.215451,-118.430188
06,037,121010,5232,+34.221965,-118.402086
06,037,121020,4613,+34.21115,-118.402053
06,037,121100,5117,+34.232171,-118.370627
06,037,121210,6137,+34.236578,-118.397866
06,037,121220,4944,+34.228986,-118.393877
06,037,121600,3275,+34.212984,-118.411563
06,037,121800,9493,+34.213975,-118.391927
06,037,121900,5229,+34.213626,-118.383816
06,037,122000,5935,+34.215099,-118.419692
06,037,122110,6939,+34.216117,-118.371725
06,037,122120,5937,+34.211111,-118.372029
06,037,122200,6939,+34.219448,-118.35961
06,037,122410,5228,+34.205851,-118.391813
06,037,122420,6349,+34.20402,-118.384153
06,037,123010,5946,+34.204323,-118.374499
06,037,123020,4035,+34.205084,-118.366912
06,037,123103,5175,+34.191024,-118.366605
06,037,123104,5616,+34.182932,-118.364556
06,037,123203,5445,+34.195348,-118.390561
06,037,123204,4400,+34.194924,-118.394261
06,037,123205,3455,+34.192011,-118.383733
06,037,123206,3713,+34.191892,-118.375039
06,037,123301,5791,+34.199537,-118.399609
06,037,123303,4019,+34.196331,-118.411789
06,037,123304,5783,+34.194923,-118.406371
06,037,123410,5607,+34.198587,-118.421728
06,037,123420,5282,+34.195106,-118.416627
06,037,123510,6121,+34.194521,-118.427582
06,037,123520,4064,+34.188168,-118.425193
06,037,123601,5754,+34.181705,-118.418131
06,037,123602,3892,+34.182605,-118.426237
06,037,123700,4659,+34.18439,-118.409162
06,037,123800,6376,+34.178941,-118.401505
06,037,123900,7661,+34.182739,-118.391434
06,037,124000,4432,+34.162465,-118.404738
06,037,124101,9358,+34.184147,-118.383853
06,037,124102,4915,+34.176123,-118.38258
06,037,124201,4322,+34.184182,-118.375113
06,037,124202,7880,+34.175702,-118.375025
06,037,124300,5104,+34.175747,-118.364743
06,037,124400,4478,+34.174224,-118.409029
06,037,124500,3170,+34.17307,-118.42769
06,037,124600,4428,+34.159597,-118.426909
06,037,124700,4834,+34.161346,-118.416356
06,037,124901,6440,+34.168273,-118.400635
06,037,125100,5960,+34.165876,-118.392519
06,037,125200,3784,+34.165474,-118.383854
06,037,125310,4823,+34.169717,-118.367218
06,037,125320,5217,+34.166547,-118.366957
06,037,125400,8186,+34.160485,-118.374747
06,037,125500,6230,+34.159578,-118.36621
06,037,125600,2499,+34.158355,-118.356654
06,037,127101,8876,+34.204311,-118.433206
06,037,127102,6087,+34.204116,-118.445283
06,037,127210,6201,+34.206372,-118.459694
06,037,127220,6394,+34.204725,-118.453369
06,037,127300,6160,+34.205664,-118.470674
06,037,127400,5304,+34.205721,-118.479658
06,037,127510,5123,+34.199333,-118.494567
06,037,127520,5022,+34.218167,-118.469038
06,037,127601,7699,+34.197375,-118.48052
06,037,127602,8115,+34.19094,-118.481061
06,037,127710,8088,+34.193742,-118.469562
06,037,127801,9866,+34.197088,-118.457235
06,037,127802,8344,+34.19018,-118.459223
06,037,127910,6142,+34.198121,-118.443987
06,037,127920,4937,+34.197402,-118.435356
06,037,128100,10185,+34.190654,-118.440548
06,037,128210,6814,+34.183882,-118.442892
06,037,128220,3706,+34.18368,-118.43548
06,037,128302,6108,+34.184892,-118.458315
06,037,128303,5550,+34.183258,-118.453337
06,037,128400,4736,+34.174396,-118.458045
06,037,128500,5527,+34.171956,-118.444488
06,037,128600,7157,+34.175865,-118.436044
06,037,128702,5533,+34.161092,-118.440905
06,037,128800,7568,+34.168405,-118.460339
06,037,128910,4097,+34.16221,-118.45779
06,037,131010,7627,+34.21405,-118.539001
06,037,131020,6529,+34.199694,-118.539684
06,037,131100,3545,+34.214848,-118.505658
06,037,131200,3513,+34.215186,-118.513913
06,037,131300,5748,+34.214809,-118.523054
06,037,131400,5995,+34.213754,-118.532264
06,037,131600,5643,+34.213757,-118.554821
06,037,131700,8682,+34.203884,-118.554102
06,037,131800,5607,+34.204962,-118.528033
06,037,131900,4500,+34.204812,-118.509879
06,037,132000,6883,+34.194262,-118.510853
06,037,132100,5689,+34.193418,-118.496831
06,037,132300,7073,+34.197617,-118.526892
06,037,132500,8086,+34.194024,-118.548319
06,037,132700,6007,+34.190841,-118.528036
06,037,132900,3888,+34.183121,-118.528891
06,037,133000,4793,+34.195943,-118.557681
06,037,133100,5514,+34.184842,-118.54294
06,037,134000,8819,+34.202335,-118.588386
06,037,134101,5325,+34.214628,-118.566988
06,037,134103,4466,+34.216813,-118.57786
06,037,134104,5544,+34.21079,-118.575887
06,037,134201,4682,+34.212328,-118.590451
06,037,134302,3920,+34.214122,-118.620168
06,037,134303,5139,+34.203615,-118.613213
06,037,134304,3257,+34.214215,-118.609484
06,037,134305,5512,+34.218266,-118.602756
06,037,134306,4131,+34.210486,-118.602224
06,037,134401,6332,+34.212667,-118.641462
06,037,134421,3956,+34.203117,-118.646782
06,037,134422,4844,+34.203279,-118.630758
06,037,134510,8783,+34.204163,-118.597883
06,037,134520,7064,+34.197579,-118.598538
06,037,134710,6537,+34.205483,-118.577985
06,037,134720,5148,+34.204587,-118.570235
06,037,134800,6208,+34.196193,-118.571268
06,037,134901,3190,+34.18667,-118.56049
06,037,134902,9026,+34.19148,-118.584515
06,037,135102,3477,+34.189063,-118.618661
06,037,135111,3443,+34.192062,-118.610127
06,037,135112,6232,+34.183321,-118.608222
06,037,135201,2611,+34.189341,-118.628063
06,037,135202,4498,+34.189139,-118.636929
06,037,135203,7080,+34.18996,-118.653728
06,037,137000,4598,+34.167463,-118.636102
06,037,137102,7654,+34.17358,-118.592858
06,037,137201,5364,+34.173145,-118.61344
06,037,137301,2223,+34.176782,-118.635383
06,037,137302,4351,+34.177266,-118.654693
06,037,137401,4535,+34.159486,-118.610438
06,037,137402,5326,+34.156189,-118.625418
06,037,137501,4057,+34.164456,-118.577513
06,037,137502,4211,+34.162591,-118.597705
06,037,137504,1950,+34.154327,-118.572324
06,037,138000,4470,+34.150449,-118.594549
06,037,139000,5277,+34.174624,-118.511174
06,037,139200,5407,+34.175608,-118.525692
06,037,139301,4335,+34.177931,-118.555137
06,037,139302,5086,+34.17627,-118.538287
06,037,139303,5047,+34.175754,-118.533429
06,037,139400,5848,+34.168799,-118.545318
06,037,139501,8087,+34.167511,-118.523036
06,037,139502,3203,+34.163102,-118.527003
06,037,139600,4566,+34.165931,-118.51045
06,037,139701,4466,+34.157838,-118.495365
06,037,139702,5855,+34.140694,-118.498603
06,037,139703,3129,+34.14643,-118.528685
06,037,139801,3381,+34.153983,-118.544973
06,037,139802,3723,+34.148576,-118.558621
06,037,141100,5729,+34.149756,-118.430765
06,037,141200,6704,+34.150522,-118.441685
06,037,141301,5690,+34.152893,-118.454105
06,037,141302,5913,+34.153091,-118.462876
06,037,141400,4615,+34.157365,-118.476111
06,037,141500,3011,+34.141327,-118.479022
06,037,141600,4020,+34.141671,-118.461877
06,037,141700,2972,+34.138598,-118.436748
06,037,143100,3660,+34.149601,-118.359182
06,037,143200,4226,+34.149204,-118.370909
06,037,143300,6051,+34.153139,-118.387662
06,037,143400,5616,+34.153168,-118.410274
06,037,143500,4421,+34.148263,-118.407273
06,037,143601,5472,+34.143337,-118.371442
06,037,143602,3826,+34.146019,-118.387722
06,037,143700,4174,+34.128673,-118.354602
06,037,143800,4920,+34.136377,-118.380535
06,037,143901,4043,+34.134345,-118.398715
06,037,143902,3024,+34.141507,-118.418844
06,037,181000,6657,+34.142318,-118.204024
06,037,181300,4223,+34.135601,-118.222854
06,037,181400,5129,+34.136768,-118.208954
06,037,181500,4540,+34.134576,-118.193252
06,037,181600,6577,+34.129427,-118.212692
06,037,183101,4717,+34.122827,-118.182376
06,037,183102,7390,+34.117585,-118.175256
06,037,183210,6555,+34.128156,-118.192654
06,037,183220,5332,+34.119736,-118.189136
06,037,183300,6025,+34.122105,-118.200445
06,037,183400,5065,+34.122213,-118.2113
06,037,183510,3601,+34.115183,-118.203773
06,037,183520,5378,+34.110356,-118.202238
06,037,183610,4893,+34.113786,-118.194757
06,037,183620,4103,+34.115649,-118.190252
06,037,183700,8161,+34.107253,-118.186694
06,037,183810,6145,+34.107483,-118.198249
06,037,183820,5042,+34.104246,-118.197291
06,037,185100,7207,+34.104139,-118.209027
06,037,185201,6438,+34.10133,-118.228199
06,037,185202,4552,+34.093522,-118.216034
06,037,185310,4247,+34.092448,-118.222823
06,037,185320,4029,+34.089952,-118.225081
06,037,186100,5607,+34.128239,-118.230279
06,037,186200,9668,+34.119343,-118.219139
06,037,186300,7498,+34.113029,-118.23118
06,037,186401,8322,+34.119344,-118.241563
06,037,186402,7559,+34.109399,-118.237132
06,037,187100,8135,+34.113943,-118.256002
06,037,187200,3982,+34.102107,-118.245887
06,037,187300,3953,+34.101474,-118.256063
06,037,188100,5226,+34.130415,-118.268871
06,037,188200,6157,+34.113721,-118.276003
06,037,188300,4165,+34.120866,-118.26372
06,037,189100,6761,+34.108067,-118.28865
06,037,189200,7315,+34.105977,-118.296273
06,037,189300,3309,+34.11093,-118.30972
06,037,189400,2988,+34.118424,-118.320615
06,037,189500,4812,+34.108319,-118.32183
06,037,189600,3799,+34.109145,-118.330946
06,037,189701,3800,+34.131112,-118.335978
06,037,189702,1858,+34.108714,-118.339766
06,037,189800,2902,+34.097423,-118.356844
06,037,189901,7961,+34.100881,-118.348604
06,037,189902,6196,+34.096011,-118.349243
06,037,190100,6122,+34.099987,-118.342265
06,037,190200,7074,+34.103531,-118.332704
06,037,190301,6637,+34.103653,-118.314246
06,037,190400,7711,+34.103584,-118.304784
06,037,190510,5382,+34.100085,-118.311229
06,037,190520,5333,+34.099909,-118.304184
06,037,190700,3999,+34.097369,-118.335207
06,037,190800,7736,+34.09381,-118.327902
06,037,190901,6715,+34.093276,-118.313033
06,037,190902,5985,+34.093479,-118.31954
06,037,191000,3765,+34.100367,-118.319611
06,037,191110,4641,+34.096416,-118.304106
06,037,191120,5992,+34.093148,-118.304382
06,037,191201,5758,+34.098315,-118.297507
06,037,191203,4188,+34.093676,-118.294208
06,037,191204,3133,+34.093232,-118.298231
06,037,191300,7015,+34.093802,-118.287722
06,037,191410,6634,+34.088508,-118.288425
06,037,191420,5010,+34.085207,-118.288221
06,037,191500,7650,+34.087821,-118.298051
06,037,191610,6460,+34.086614,-118.306058
06,037,191620,3277,+34.088646,-118.302326
06,037,191710,4402,+34.085128,-118.31261
06,037,191720,5411,+34.089029,-118.312083
06,037,191810,5361,+34.088818,-118.326645
06,037,191820,4012,+34.085447,-118.326435
06,037,191900,7669,+34.089069,-118.338901
06,037,192000,5644,+34.084519,-118.35157
06,037,192300,2709,+34.080068,-118.327521
06,037,192410,4593,+34.080256,-118.317534
06,037,192420,5362,+34.079933,-118.311609
06,037,192510,5130,+34.080126,-118.306684
06,037,192520,7468,+34.080419,-118.302661
06,037,192610,6426,+34.081005,-118.296755
06,037,192620,5846,+34.077842,-118.29622
06,037,192700,5096,+34.080603,-118.288097
06,037,194100,6781,+34.111996,-118.358637
06,037,194200,5388,+34.102703,-118.373144
06,037,194300,1974,+34.097469,-118.388404
06,037,194400,5830,+34.084782,-118.368594
06,037,194500,2287,+34.0782,-118.367204
06,037,195100,4862,+34.101863,-118.267895
06,037,195200,6575,+34.105465,-118.278687
06,037,195300,4166,+34.099549,-118.283878
06,037,195400,5123,+34.091592,-118.275104
06,037,195500,5862,+34.087829,-118.264916
06,037,195600,4312,+34.080819,-118.265387
06,037,195710,6512,+34.075092,-118.269157
06,037,195720,4058,+34.073661,-118.263637
06,037,195801,7271,+34.080159,-118.274861
06,037,195802,3717,+34.075507,-118.276565
06,037,195900,8649,+34.085623,-118.281582
06,037,197110,692,+34.075348,-118.235029
06,037,197200,5729,+34.090238,-118.236366
06,037,197300,5593,+34.080282,-118.252738
06,037,197410,3363,+34.091086,-118.253424
06,037,197420,4922,+34.08257,-118.257233
06,037,197500,6574,+34.073426,-118.256941
06,037,197600,3741,+34.068736,-118.252271
06,037,197700,6843,+34.068504,-118.24665
06,037,199000,4777,+34.080955,-118.216362
06,037,199110,3372,+34.079508,-118.196763
06,037,199120,4510,+34.070938,-118.202004
06,037,199201,5736,+34.076372,-118.211906
06,037,199202,3906,+34.080721,-118.204217
06,037,199300,4992,+34.08824,-118.205121
06,037,199400,6321,+34.089265,-118.209245
06,037,199700,4137,+34.069691,-118.218645
06,037,199800,7303,+34.07028,-118.210467
06,037,199900,3360,+34.06576,-118.211378
06,037,201110,2173,+34.093295,-118.173808
06,037,201120,6535,+34.094204,-118.164841
06,037,201200,3318,+34.088561,-118.17832
06,037,201301,4475,+34.087718,-118.188468
06,037,201302,4120,+34.098106,-118.183964
06,037,201401,5969,+34.082281,-118.183041
06,037,201402,5134,+34.067529,-118.187151
06,037,201501,7050,+34.08642,-118.165311
06,037,201503,4344,+34.085148,-118.173895
06,037,201504,3047,+34.080982,-118.173969
06,037,201600,6169,+34.07604,-118.172954
06,037,201700,5539,+34.068908,-118.171754
06,037,203100,6379,+34.059116,-118.195929
06,037,203200,6397,+34.052447,-118.196723
06,037,203300,1563,+34.060461,-118.20572
06,037,203500,4930,+34.052187,-118.218081
06,037,203600,8501,+34.051336,-118.209337
06,037,203710,4403,+34.05003,-118.201025
06,037,203720,5656,+34.047242,-118.203256
06,037,203800,6319,+34.045121,-118.195631
06,037,203900,3788,+34.033614,-118.194646
06,037,204110,3898,+34.037216,-118.19966
06,037,204120,3633,+34.033631,-118.201226
06,037,204200,4305,+34.043752,-118.205196
06,037,204300,6510,+34.038968,-118.207906
06,037,204410,3211,+34.046062,-118.214817
06,037,204420,5074,+34.045146,-118.2113
06,037,204600,5246,+34.037348,-118.216027
06,037,204700,6332,+34.031326,-118.211447
06,037,204810,5633,+34.028664,-118.202834
06,037,204820,2746,+34.023707,-118.205841
06,037,204910,4150,+34.025001,-118.195944
06,037,204920,3368,+34.019653,-118.197527
06,037,205110,5947,+34.024667,-118.214316
06,037,205120,5177,+34.021286,-118.209439
06,037,206010,4196,+34.067952,-118.230867
06,037,206020,12285,+34.059319,-118.230177
06,037,206030,1290,+34.049858,-118.22407
06,037,206040,4277,+34.045658,-118.223487
06,037,206050,3057,+34.034684,-118.22523
06,037,206200,3799,+34.046414,-118.243435
06,037,206300,5447,+34.042716,-118.244984
06,037,207100,7204,+34.062502,-118.242283
06,037,207300,3856,+34.046037,-118.25062
06,037,207400,1357,+34.053116,-118.240012
06,037,207500,4600,+34.055006,-118.251053
06,037,207710,1491,+34.045785,-118.259671
06,037,207900,2554,+34.0425,-118.260659
06,037,208000,5488,+34.064844,-118.256601
06,037,208300,9196,+34.062441,-118.263705
06,037,208400,7876,+34.0653,-118.268269
06,037,208500,8392,+34.06794,-118.27337
06,037,208610,5530,+34.071561,-118.282149
06,037,208620,6521,+34.069282,-118.278936
06,037,208710,5977,+34.065967,-118.282649
06,037,208720,4891,+34.063704,-118.280699
06,037,208800,8535,+34.061906,-118.277205
06,037,208902,3249,+34.056883,-118.272277
06,037,208903,5825,+34.060666,-118.272456
06,037,208904,5091,+34.059625,-118.270177
06,037,209101,9359,+34.058356,-118.265142
06,037,209102,6703,+34.05593,-118.267937
06,037,209200,2062,+34.05556,-118.262136
06,037,209300,4581,+34.051229,-118.269283
06,037,209401,5246,+34.056655,-118.281465
06,037,209402,4794,+34.054573,-118.27694
06,037,209403,4718,+34.053296,-118.273771
06,037,209510,3626,+34.053585,-118.281981
06,037,209520,3718,+34.050694,-118.276968
06,037,209810,3386,+34.049431,-118.282679
06,037,209820,3584,+34.047464,-118.278047
06,037,210010,4738,+34.046841,-118.272981
06,037,211000,4655,+34.067681,-118.332215
06,037,211110,7391,+34.072037,-118.287511
06,037,211120,6892,+34.066335,-118.287053
06,037,211200,8408,+34.074442,-118.296471
06,037,211310,5774,+34.070948,-118.298796
06,037,211320,4803,+34.071027,-118.294709
06,037,211410,4459,+34.072246,-118.307452
06,037,211420,5050,+34.072401,-118.302371
06,037,211500,5713,+34.072404,-118.313433
06,037,211701,3540,+34.066007,-118.316587
06,037,211702,10610,+34.066128,-118.311656
06,037,211801,9392,+34.067167,-118.30421
06,037,211802,5963,+34.064525,-118.304702
06,037,211910,6767,+34.067343,-118.298658
06,037,211920,8525,+34.06735,-118.294564
06,037,212100,6936,+34.064353,-118.296715
06,037,212202,5330,+34.056441,-118.287853
06,037,212203,3780,+34.059566,-118.290494
06,037,212204,4591,+34.059171,-118.28663
06,037,212303,4216,+34.059062,-118.293897
06,037,212304,3153,+34.059423,-118.298594
06,037,212305,4352,+34.05653,-118.29813
06,037,212306,5032,+34.056505,-118.294462
06,037,212410,5560,+34.059169,-118.301702
06,037,212420,4989,+34.056433,-118.302017
06,037,212500,8095,+34.057096,-118.306082
06,037,212610,5368,+34.059697,-118.312406
06,037,212620,6503,+34.056515,-118.312548
06,037,212700,7584,+34.056992,-118.322707
06,037,212800,5963,+34.051589,-118.331033
06,037,212900,5802,+34.049688,-118.322328
06,037,213100,3295,+34.051741,-118.312289
06,037,213201,5191,+34.053011,-118.304535
06,037,213202,5235,+34.049264,-118.304615
06,037,213310,4662,+34.05052,-118.298003
06,037,213320,3450,+34.050864,-118.293817
06,037,213401,7751,+34.053867,-118.287989
06,037,213402,6963,+34.049601,-118.288049
06,037,214000,4011,+34.07527,-118.348554
06,037,214100,4138,+34.074766,-118.340417
06,037,214400,3127,+34.078201,-118.357268
06,037,214500,9756,+34.067348,-118.353834
06,037,214600,2597,+34.072569,-118.365715
06,037,214700,2583,+34.066185,-118.366371
06,037,214800,2516,+34.071624,-118.372847
06,037,214900,6165,+34.073316,-118.384406
06,037,215100,6275,+34.064521,-118.348197
06,037,216100,2612,+34.056405,-118.338523
06,037,216200,4835,+34.05683,-118.348422
06,037,216300,4996,+34.059325,-118.360598
06,037,216400,7363,+34.05839,-118.380114
06,037,216700,4126,+34.049219,-118.371571
06,037,216800,3937,+34.055338,-118.369648
06,037,216900,5669,+34.05058,-118.363323
06,037,217000,7387,+34.050971,-118.382176
06,037,217100,6846,+34.048757,-118.354086
06,037,217200,4434,+34.049789,-118.342838
06,037,218110,4147,+34.044663,-118.327055
06,037,218120,5730,+34.044045,-118.320691
06,037,218210,5685,+34.042996,-118.342353
06,037,218220,5314,+34.043748,-118.336228
06,037,218300,6505,+34.04208,-118.354026
06,037,218400,6984,+34.036396,-118.360289
06,037,218500,3750,+34.037143,-118.351136
06,037,218600,4310,+34.036745,-118.342557
06,037,218700,4950,+34.035353,-118.332206
06,037,218800,3414,+34.038054,-118.322893
06,037,218900,6276,+34.032299,-118.323525
06,037,219010,3159,+34.02793,-118.323182
06,037,219020,5067,+34.022415,-118.322773
06,037,219300,4160,+34.027881,-118.331593
06,037,219500,1720,+34.020737,-118.341047
06,037,219700,3661,+34.028697,-118.349066
06,037,219800,5987,+34.028877,-118.356632
06,037,219900,7373,+34.029192,-118.364535
06,037,220000,5690,+34.028383,-118.340445
06,037,220100,2554,+34.023693,-118.364038
06,037,221110,5037,+34.045815,-118.287448
06,037,221120,4342,+34.042092,-118.288027
06,037,221210,4006,+34.043681,-118.302877
06,037,221220,4699,+34.044504,-118.294716
06,037,221301,7824,+34.045453,-118.311489
06,037,221302,5741,+34.04188,-118.311649
06,037,221400,4805,+34.034419,-118.313652
06,037,221500,6216,+34.036165,-118.304123
06,037,221600,6421,+34.035707,-118.296309
06,037,221710,5887,+34.036016,-118.287703
06,037,221810,3739,+34.03049,-118.292079
06,037,221820,3978,+34.030435,-118.286799
06,037,221900,6596,+34.026866,-118.289751
06,037,222000,8674,+34.024574,-118.313152
06,037,222100,4522,+34.027453,-118.301378
06,037,222200,4771,+34.031023,-118.30162
06,037,222500,5320,+34.022063,-118.304257
06,037,222600,6531,+34.022027,-118.295804
06,037,222700,286,+34.019751,-118.289271
06,037,224010,3459,+34.036179,-118.266064
06,037,224020,3335,+34.02697,-118.267877
06,037,224200,3945,+34.041019,-118.276364
06,037,224310,2875,+34.044437,-118.282584
06,037,224320,4430,+34.04254,-118.280488
06,037,224410,4293,+34.034341,-118.281097
06,037,224420,2981,+34.032713,-118.276945
06,037,224600,4957,+34.022271,-118.269793
06,037,224700,6160,+34.027506,-118.28099
06,037,226000,5702,+34.030395,-118.250857
06,037,226410,5365,+34.024048,-118.26258
06,037,226420,6765,+34.02175,-118.257472
06,037,226700,8517,+34.017324,-118.262113
06,037,227010,5602,+34.019355,-118.249206
06,037,227020,4713,+34.016339,-118.252357
06,037,228100,6475,+34.008372,-118.245519
06,037,228210,4434,+34.01005,-118.25386
06,037,228220,5094,+34.006032,-118.25131
06,037,228310,6175,+34.011054,-118.262444
06,037,228320,3937,+34.007975,-118.262904
06,037,228410,6939,+34.014338,-118.270324
06,037,228420,3643,+34.008093,-118.271658
06,037,228500,6048,+34.003528,-118.268819
06,037,228600,6176,+34.003773,-118.261129
06,037,228710,5168,+33.999593,-118.25426
06,037,228720,5478,+33.999061,-118.250019
06,037,228800,6921,+33.998617,-118.244646
06,037,228900,4003,+33.992873,-118.243637
06,037,229100,5461,+33.992579,-118.251759
06,037,229200,5350,+33.998305,-118.260703
06,037,229300,6520,+33.997991,-118.269878
06,037,229410,4192,+33.992685,-118.270098
06,037,229420,5761,+33.993263,-118.260475
06,037,231100,1738,+34.013894,-118.27958
06,037,231210,4485,+34.014623,-118.297986
06,037,231220,4514,+34.014855,-118.293785
06,037,231300,5655,+34.014623,-118.303849
06,037,231400,4878,+34.014778,-118.31296
06,037,231500,4750,+34.007152,-118.310821
06,037,231600,7554,+34.007024,-118.297803
06,037,231710,5601,+34.007351,-118.289243
06,037,231720,5179,+34.007799,-118.284918
06,037,231800,7392,+34.007616,-118.277509
06,037,231900,7874,+33.999856,-118.27766
06,037,232110,3802,+34.000166,-118.289174
06,037,232120,4226,+33.999791,-118.284884
06,037,232200,3587,+34.001787,-118.298036
06,037,232300,4321,+33.997227,-118.298317
06,037,232400,7129,+33.999463,-118.310647
06,037,232500,4888,+33.99199,-118.31097
06,037,232600,6554,+33.992155,-118.297828
06,037,232700,5560,+33.992565,-118.286924
06,037,232800,5423,+33.992847,-118.277793
06,037,234000,5278,+34.011917,-118.320866
06,037,234200,2266,+34.015806,-118.330802
06,037,234300,4243,+34.007268,-118.327817
06,037,234500,5701,+33.999729,-118.323193
06,037,234600,5201,+33.992192,-118.326761
06,037,234700,4361,+33.987085,-118.327389
06,037,234800,3618,+33.981645,-118.32216
06,037,234900,8440,+33.982052,-118.33147
06,037,235100,4767,+33.985114,-118.345766
06,037,235201,2883,+33.974808,-118.321995
06,037,235202,5379,+33.973957,-118.330374
06,037,236000,4096,+34.017748,-118.365824
06,037,236100,5233,+34.012364,-118.342299
06,037,236201,7196,+34.016578,-118.348071
06,037,236202,7321,+34.01611,-118.352657
06,037,236400,4140,+34.006635,-118.35185
06,037,237100,8233,+33.985899,-118.286836
06,037,237200,7307,+33.986197,-118.303857
06,037,237300,5809,+33.97875,-118.310824
06,037,237400,9256,+33.978929,-118.297972
06,037,237500,4518,+33.979909,-118.289298
06,037,237600,7209,+33.978751,-118.28314
06,037,237710,5044,+33.97243,-118.28549
06,037,237720,4411,+33.969142,-118.28458
06,037,237800,4587,+33.971306,-118.298183
06,037,237900,3604,+33.970585,-118.310704
06,037,238000,6060,+33.947377,-118.309324
06,037,238100,4796,+33.963663,-118.310299
06,037,238200,5377,+33.963513,-118.298275
06,037,238310,6901,+33.96571,-118.285684
06,037,238320,5086,+33.962558,-118.28593
06,037,238400,4168,+33.956068,-118.308373
06,037,239200,8421,+33.985094,-118.271811
06,037,239310,3210,+33.978191,-118.2761
06,037,239320,3690,+33.978613,-118.271709
06,037,239330,3272,+33.978664,-118.267274
06,037,239500,7174,+33.970956,-118.262449
06,037,239600,6576,+33.971286,-118.273677
06,037,239700,7485,+33.964129,-118.273842
06,037,239800,9092,+33.96397,-118.263188
06,037,240010,4266,+33.958157,-118.263043
06,037,240020,5074,+33.954322,-118.263869
06,037,240200,6821,+33.955762,-118.276342
06,037,240300,7602,+33.954897,-118.286849
06,037,240400,7024,+33.946744,-118.287106
06,037,240500,7002,+33.946919,-118.276538
06,037,240600,5055,+33.946678,-118.268625
06,037,240700,5913,+33.947213,-118.259592
06,037,240800,4486,+33.939832,-118.261549
06,037,240900,5815,+33.933977,-118.261934
06,037,241000,6504,+33.926838,-118.262749
06,037,241110,3195,+33.940143,-118.275642
06,037,241120,6927,+33.934885,-118.276077
06,037,241200,5576,+33.936789,-118.286466
06,037,241300,3397,+33.92714,-118.286652
06,037,241400,5060,+33.92622,-118.274428
06,037,242000,3829,+33.939255,-118.249836
06,037,242100,3105,+33.945739,-118.233971
06,037,242200,6908,+33.948926,-118.239298
06,037,242300,4470,+33.949505,-118.245871
06,037,242600,5741,+33.932016,-118.249862
06,037,242700,5797,+33.935957,-118.242073
06,037,243000,6959,+33.93943,-118.233393
06,037,243100,5743,+33.932457,-118.234599
06,037,261101,3993,+34.113262,-118.394544
06,037,261102,4309,+34.114697,-118.426767
06,037,261200,4481,+34.115745,-118.443551
06,037,262100,3537,+34.098173,-118.452106
06,037,262200,4461,+34.100322,-118.46893
06,037,262301,2745,+34.100019,-118.492039
06,037,262302,2846,+34.070912,-118.476456
06,037,262303,3095,+34.06737,-118.486384
06,037,262400,3252,+34.079752,-118.506199
06,037,262500,3644,+34.054813,-118.522935
06,037,262601,3379,+34.075639,-118.558658
06,037,262602,6577,+34.052571,-118.5478
06,037,262701,3475,+34.043085,-118.540195
06,037,262702,3608,+34.040025,-118.525652
06,037,262800,3714,+34.041412,-118.509521
06,037,264000,3163,+34.054931,-118.479637
06,037,264101,5500,+34.057377,-118.467481
06,037,264301,4959,+34.050963,-118.463995
06,037,264302,5566,+34.047711,-118.471514
06,037,265100,2395,+34.071057,-118.431888
06,037,265200,7182,+34.064585,-118.437909
06,037,265301,8131,+34.071219,-118.450423
06,037,265303,4730,+34.067507,-118.453599
06,037,265304,4483,+34.067816,-118.450872
06,037,265305,3429,+34.064589,-118.449611
06,037,265410,1430,+34.066184,-118.463926
06,037,265420,1774,+34.070133,-118.459467
06,037,265510,4383,+34.05566,-118.443622
06,037,265520,4502,+34.051518,-118.441662
06,037,265600,5852,+34.058499,-118.433533
06,037,265700,4547,+34.062959,-118.426609
06,037,267100,5845,+34.052738,-118.425125
06,037,267200,5864,+34.046656,-118.437048
06,037,267300,6067,+34.044095,-118.449177
06,037,267401,6138,+34.047122,-118.458711
06,037,267402,5274,+34.042114,-118.465522
06,037,267501,6469,+34.041105,-118.456062
06,037,267502,3765,+34.038181,-118.461532
06,037,267600,3111,+34.035552,-118.451711
06,037,267700,1874,+34.039836,-118.444587
06,037,267800,2837,+34.03997,-118.430648
06,037,267900,5074,+34.051327,-118.415498
06,037,269000,4891,+34.041453,-118.403366
06,037,269100,4856,+34.053396,-118.39374
06,037,269300,4286,+34.037796,-118.414812
06,037,269500,4089,+34.043497,-118.393807
06,037,269600,8374,+34.041624,-118.382085
06,037,269700,5069,+34.035888,-118.387222
06,037,269800,3906,+34.031761,-118.396465
06,037,269901,9363,+34.024963,-118.404556
06,037,269902,8640,+34.023986,-118.409346
06,037,270100,5296,+34.026996,-118.398572
06,037,270200,3520,+34.033098,-118.382839
06,037,270300,3911,+34.038011,-118.371736
06,037,271100,4106,+34.032202,-118.427601
06,037,271200,4429,+34.030022,-118.438953
06,037,271300,3311,+34.02568,-118.445693
06,037,271400,3517,+34.010179,-118.447211
06,037,271500,2959,+34.01679,-118.43828
06,037,271600,2627,+34.021887,-118.432979
06,037,271701,5718,+34.026083,-118.417322
06,037,271702,6093,+34.0228,-118.425701
06,037,271801,5849,+34.016193,-118.419498
06,037,271802,6997,+34.019528,-118.412406
06,037,271900,6830,+34.01068,-118.428548
06,037,272100,4806,+34.003643,-118.44195
06,037,272200,7168,+33.999182,-118.436867
06,037,272301,3579,+34.004941,-118.422301
06,037,272302,5487,+34.001948,-118.427227
06,037,273100,3815,+34.00236,-118.459212
06,037,273200,5189,+33.997285,-118.467153
06,037,273300,4773,+33.995681,-118.471763
06,037,273400,3485,+33.99328,-118.477153
06,037,273500,3244,+33.988309,-118.46969
06,037,273600,2682,+33.993795,-118.459742
06,037,273700,3092,+33.998195,-118.452484
06,037,273800,3347,+33.992454,-118.452231
06,037,273900,4256,+33.984337,-118.464575
06,037,274100,2564,+33.986961,-118.448393
06,037,274200,4211,+33.974212,-118.460373
06,037,275100,7117,+33.997523,-118.409595
06,037,275200,5079,+33.996004,-118.420722
06,037,275302,3830,+33.984689,-118.433688
06,037,275311,5539,+33.989532,-118.424195
06,037,275400,2307,+33.991316,-118.437749
06,037,275510,3300,+33.991965,-118.416164
06,037,275520,3176,+33.991619,-118.411614
06,037,275601,7228,+33.985956,-118.408433
06,037,276000,5291,+33.967423,-118.389146
06,037,276100,4768,+33.97535,-118.373598
06,037,276400,4004,+33.966786,-118.409496
06,037,276500,3877,+33.965992,-118.416321
06,037,276601,3536,+33.961006,-118.432931
06,037,276602,8275,+33.956125,-118.431847
06,037,277000,5436,+33.96991,-118.40056
06,037,277100,3233,+33.965337,-118.3789
06,037,277200,4296,+33.954074,-118.383495
06,037,277400,5098,+33.948557,-118.373375
06,037,278000,2577,+33.957857,-118.398628
06,037,278100,2888,+33.957543,-118.447321
06,037,291110,3686,+33.920014,-118.287386
06,037,291120,2575,+33.913335,-118.289382
06,037,291130,4142,+33.901587,-118.288416
06,037,291210,6006,+33.886231,-118.287661
06,037,291220,4268,+33.878929,-118.287378
06,037,291300,2913,+33.862451,-118.299039
06,037,292000,8298,+33.842612,-118.305938
06,037,293201,8005,+33.830968,-118.304764
06,037,293202,8780,+33.821636,-118.30435
06,037,293301,3291,+33.811099,-118.303102
06,037,293302,5095,+33.801015,-118.304679
06,037,293304,5201,+33.792551,-118.303987
06,037,293305,5438,+33.785155,-118.304175
06,037,294110,4814,+33.798974,-118.260951
06,037,294120,3243,+33.792917,-118.247214
06,037,294200,5542,+33.794665,-118.268984
06,037,294300,8698,+33.787596,-118.277544
06,037,294410,4716,+33.793348,-118.291509
06,037,294420,4356,+33.79109,-118.296814
06,037,294510,5504,+33.786094,-118.271852
06,037,294520,4696,+33.786332,-118.265944
06,037,294610,4943,+33.786233,-118.258185
06,037,294620,4823,+33.786961,-118.248222
06,037,294700,4281,+33.780688,-118.255581
06,037,294810,5495,+33.779487,-118.271549
06,037,294820,4964,+33.780001,-118.266299
06,037,294830,4152,+33.774718,-118.269239
06,037,294900,3912,+33.775319,-118.275979
06,037,295101,5385,+33.764153,-118.30178
06,037,296100,1610,+33.740131,-118.270579
06,037,296210,3556,+33.746177,-118.284194
06,037,296220,4418,+33.741976,-118.284054
06,037,296300,4799,+33.755142,-118.302087
06,037,296400,6542,+33.742933,-118.309764
06,037,296500,4498,+33.747137,-118.29372
06,037,296600,6222,+33.739657,-118.292379
06,037,296900,9590,+33.731771,-118.294182
06,037,297000,5673,+33.732835,-118.306638
06,037,297110,5646,+33.733674,-118.284016
06,037,297120,3918,+33.727715,-118.284916
06,037,297200,8826,+33.723632,-118.295522
06,037,297300,3122,+33.721971,-118.307506
06,037,297400,3343,+33.724098,-118.320887
06,037,297500,3360,+33.715813,-118.300151
06,037,297600,6988,+33.713606,-118.289011
06,037,300100,5706,+34.238791,-118.236198
06,037,300200,5488,+34.22876,-118.240089
06,037,300300,6860,+34.240972,-118.256183
06,037,300400,6120,+34.228892,-118.255827
06,037,300501,4182,+34.220769,-118.241594
06,037,300502,5792,+34.210917,-118.228035
06,037,300600,8271,+34.211089,-118.239
06,037,300701,6326,+34.196754,-118.244874
06,037,300702,5688,+34.173311,-118.250498
06,037,300800,7367,+34.185261,-118.223549
06,037,300901,6923,+34.169724,-118.206217
06,037,300902,2039,+34.151548,-118.211496
06,037,301000,5458,+34.156565,-118.232557
06,037,301100,6826,+34.161936,-118.248814
06,037,301202,8855,+34.16437,-118.270833
06,037,301203,4480,+34.165874,-118.260717
06,037,301204,5163,+34.161674,-118.260608
06,037,301300,2042,+34.174282,-118.271736
06,037,301400,3918,+34.18088,-118.28411
06,037,301501,1951,+34.176318,-118.288432
06,037,301502,8835,+34.173147,-118.289394
06,037,301601,8562,+34.169417,-118.291189
06,037,301602,4917,+34.162315,-118.299332
06,037,301701,3084,+34.158682,-118.273469
06,037,301702,7053,+34.150965,-118.268484
06,037,301800,9628,+34.152063,-118.261251
06,037,301900,8210,+34.154302,-118.247619
06,037,302001,9645,+34.148896,-118.241001
06,037,302002,3905,+34.149973,-118.250604
06,037,302102,8130,+34.13586,-118.236283
06,037,302103,7821,+34.142575,-118.238055
06,037,302104,5077,+34.144796,-118.231999
06,037,302201,4179,+34.144572,-118.246613
06,037,302202,7206,+34.140443,-118.247774
06,037,302301,4263,+34.144684,-118.264684
06,037,302302,7753,+34.13982,-118.26098
06,037,302400,6829,+34.134074,-118.259089
06,037,302501,12268,+34.1363,-118.247518
06,037,302502,9812,+34.129527,-118.249259
06,037,310100,5601,+34.206026,-118.315225
06,037,310200,10976,+34.188298,-118.301494
06,037,310300,3009,+34.199452,-118.318382
06,037,310400,3667,+34.201997,-118.333103
06,037,310500,4292,+34.194408,-118.340719
06,037,310600,10301,+34.193523,-118.32423
06,037,310701,2326,+34.187229,-118.310017
06,037,310702,7174,+34.18186,-118.304589
06,037,310703,5895,+34.178529,-118.298968
06,037,310800,5328,+34.172415,-118.323517
06,037,310900,7429,+34.181346,-118.331274
06,037,311000,4082,+34.183987,-118.343128
06,037,311100,4368,+34.183676,-118.354237
06,037,311200,3356,+34.172263,-118.352923
06,037,311300,3888,+34.174155,-118.343312
06,037,311400,2340,+34.162872,-118.350096
06,037,311500,5808,+34.164204,-118.338095
06,037,311600,7423,+34.154349,-118.342581
06,037,311700,6416,+34.162645,-118.320224
06,037,311800,9589,+34.169194,-118.309444
06,037,320100,7786,+34.296355,-118.429687
06,037,320200,11431,+34.289361,-118.437755
06,037,320300,8697,+34.281472,-118.446788
06,037,400203,5133,+34.132967,-117.777463
06,037,400204,7310,+34.132358,-117.764603
06,037,400205,2865,+34.139788,-117.711627
06,037,400206,6044,+34.126532,-117.715608
06,037,400302,3067,+34.113033,-117.789242
06,037,400303,4181,+34.125764,-117.796624
06,037,400304,7721,+34.107343,-117.800007
06,037,400401,4711,+34.14274,-117.836906
06,037,400402,3871,+34.13286,-117.834247
06,037,400500,2311,+34.150625,-117.862141
06,037,400602,5484,+34.139403,-117.907883
06,037,400603,4707,+34.144452,-117.916461
06,037,400604,3120,+34.145146,-117.903359
06,037,400800,3514,+34.133401,-117.889567
06,037,400900,4050,+34.134402,-117.877431
06,037,401001,3189,+34.141508,-117.852756
06,037,401002,3975,+34.141349,-117.865817
06,037,401101,5789,+34.129101,-117.855728
06,037,401102,3388,+34.130792,-117.866769
06,037,401201,3546,+34.124735,-117.830364
06,037,401202,4856,+34.111564,-117.838832
06,037,401203,5968,+34.111235,-117.855273
06,037,401302,9275,+34.079133,-117.824582
06,037,401311,7476,+34.112944,-117.814037
06,037,401312,5803,+34.099452,-117.831306
06,037,401500,6290,+34.098719,-117.775035
06,037,401601,4929,+34.116135,-117.763475
06,037,401602,6351,+34.105319,-117.763424
06,037,401603,2887,+34.110424,-117.777654
06,037,401701,4115,+34.112455,-117.743934
06,037,401703,4169,+34.103625,-117.752234
06,037,401704,5738,+34.101157,-117.741606
06,037,401800,7750,+34.114529,-117.717743
06,037,401901,4835,+34.101705,-117.709568
06,037,401902,6071,+34.100209,-117.725067
06,037,402000,8407,+34.087277,-117.719396
06,037,402101,5552,+34.085695,-117.733074
06,037,402102,5291,+34.085107,-117.74496
06,037,402200,7727,+34.080127,-117.762095
06,037,402301,6492,+34.067442,-117.770266
06,037,402302,10024,+34.064219,-117.761916
06,037,402401,9553,+34.066518,-117.786571
06,037,402402,8267,+34.051634,-117.783718
06,037,402403,7169,+34.052351,-117.809171
06,037,402404,37,+34.054474,-117.819216
06,037,402501,6825,+34.054291,-117.764865
06,037,402502,8660,+34.047837,-117.760539
06,037,402600,8592,+34.06864,-117.743086
06,037,402702,8492,+34.064268,-117.728187
06,037,402703,5279,+34.077743,-117.725065
06,037,402704,8466,+34.071606,-117.725165
06,037,402801,6616,+34.054059,-117.738348
06,037,402802,9980,+34.047669,-117.739783
06,037,402901,9357,+34.03459,-117.73575
06,037,402902,7887,+34.033326,-117.745035
06,037,403000,8408,+34.037863,-117.757371
06,037,403200,764,+34.046112,-117.809328
06,037,403303,2887,+33.997779,-117.856805
06,037,403304,6221,+33.989704,-117.854345
06,037,403305,2619,+33.977291,-117.849815
06,037,403312,5468,+34.018078,-117.826703
06,037,403316,7334,+34.032478,-117.797694
06,037,403317,5095,+34.03724,-117.78252
06,037,403318,6715,+34.032329,-117.768916
06,037,403319,5311,+34.00869,-117.813988
06,037,403320,6565,+34.003889,-117.796337
06,037,403321,7027,+34.01862,-117.793986
06,037,403322,4394,+33.989047,-117.834579
06,037,403323,5603,+33.995901,-117.821348
06,037,403324,8279,+33.986535,-117.816089
06,037,403325,5217,+33.969592,-117.840602
06,037,403401,5941,+34.01458,-117.870717
06,037,403402,3937,+34.018981,-117.856335
06,037,403403,6215,+34.032414,-117.839647
06,037,403404,2931,+34.026406,-117.857026
06,037,403405,1904,+34.054272,-117.842532
06,037,403406,3296,+34.043978,-117.854082
06,037,403407,2459,+34.03876,-117.86582
06,037,403408,7843,+34.024792,-117.882595
06,037,403500,1533,+34.064225,-117.860982
06,037,403600,6641,+34.077372,-117.866873
06,037,403702,3925,+34.090523,-117.859102
06,037,403703,5013,+34.093815,-117.847224
06,037,403721,5233,+34.09605,-117.87827
06,037,403722,6737,+34.087777,-117.873333
06,037,403801,6434,+34.103233,-117.86747
06,037,403802,5891,+34.102895,-117.846136
06,037,403901,3478,+34.121901,-117.873953
06,037,403902,5532,+34.112047,-117.872654
06,037,404000,5131,+34.113351,-117.885853
06,037,404100,7770,+34.114701,-117.89493
06,037,404200,9282,+34.127029,-117.891015
06,037,404301,6724,+34.12726,-117.904149
06,037,404302,2860,+34.118292,-117.903737
06,037,404401,4477,+34.128664,-117.913376
06,037,404402,5424,+34.11894,-117.915391
06,037,404501,3784,+34.109571,-117.920994
06,037,404502,10059,+34.110712,-117.906621
06,037,404600,1762,+34.104318,-117.94095
06,037,404701,7019,+34.073409,-117.994423
06,037,404702,7426,+34.071088,-117.985703
06,037,404703,4098,+34.064544,-117.990145
06,037,404801,8212,+34.079265,-117.97694
06,037,404802,5338,+34.07319,-117.969332
06,037,404803,2263,+34.067018,-117.966516
06,037,404901,6697,+34.095448,-117.974877
06,037,404902,4284,+34.087194,-117.979335
06,037,404903,3403,+34.087179,-117.972882
06,037,405001,7187,+34.102596,-117.96439
06,037,405002,3770,+34.102127,-117.948629
06,037,405101,6421,+34.095655,-117.961963
06,037,405102,5849,+34.089488,-117.963392
06,037,405201,5964,+34.084096,-117.950976
06,037,405202,5799,+34.080744,-117.963687
06,037,405203,3865,+34.076676,-117.957094
06,037,405300,10133,+34.080596,-117.942848
06,037,405400,5120,+34.09214,-117.931541
06,037,405500,7436,+34.078855,-117.928654
06,037,405600,5678,+34.079059,-117.916285
06,037,405700,9877,+34.09375,-117.916592
06,037,405800,6596,+34.103022,-117.914121
06,037,405900,4359,+34.103017,-117.890354
06,037,406000,5342,+34.093725,-117.901848
06,037,406101,3161,+34.090763,-117.891484
06,037,406102,6372,+34.081994,-117.888262
06,037,406200,6249,+34.077773,-117.901344
06,037,406300,5495,+34.062508,-117.879887
06,037,406402,2249,+34.057834,-117.90098
06,037,406411,2414,+34.069583,-117.8995
06,037,406412,2463,+34.063819,-117.89941
06,037,406500,7500,+34.066084,-117.918141
06,037,406601,5553,+34.055451,-117.916506
06,037,406602,5612,+34.053383,-117.932678
06,037,406700,10214,+34.06026,-117.941785
06,037,406800,5365,+34.063606,-117.95401
06,037,406900,9856,+34.057822,-117.967319
06,037,407001,7305,+34.061009,-117.976916
06,037,407002,4921,+34.052505,-117.984165
06,037,407101,5812,+34.047453,-117.971136
06,037,407102,6647,+34.043874,-117.976195
06,037,407200,8598,+34.033469,-117.960621
06,037,407301,6039,+34.04521,-117.958689
06,037,407302,4259,+34.039668,-117.960641
06,037,407400,2369,+34.051675,-117.957958
06,037,407500,10024,+34.044798,-117.943229
06,037,407600,9835,+34.034438,-117.944806
06,037,407701,7077,+34.013115,-117.929776
06,037,407702,7593,+34.01923,-117.944799
06,037,407800,10775,+34.030562,-117.92504
06,037,407900,7150,+34.040929,-117.928045
06,037,408001,9114,+34.039418,-117.901265
06,037,408002,8895,+34.043473,-117.917026
06,037,408101,9672,+34.008884,-117.879712
06,037,408102,11427,+34.009284,-117.897436
06,037,408132,13271,+34.016176,-117.915298
06,037,408133,6691,+34.025168,-117.909497
06,037,408134,3372,+34.022526,-117.896905
06,037,408135,5105,+34.015941,-117.896567
06,037,408202,3346,+34.032384,-117.981993
06,037,408211,7384,+33.991457,-117.900808
06,037,408212,5197,+33.99068,-117.879677
06,037,408301,7232,+34.045324,-117.997316
06,037,408302,4263,+34.038711,-118.013129
06,037,408303,4605,+34.035171,-118.005567
06,037,408401,5018,+34.018697,-117.982509
06,037,408402,6115,+34.012433,-117.991138
06,037,408501,4104,+34.012319,-117.967839
06,037,408502,9395,+33.999836,-117.973688
06,037,408503,7068,+33.985857,-117.98257
06,037,408601,9032,+34.001651,-117.957652
06,037,408623,3648,+33.995251,-117.938469
06,037,408624,4034,+33.992185,-117.94805
06,037,408625,4871,+33.988668,-117.963037
06,037,408626,6455,+33.985681,-117.916494
06,037,408627,3767,+33.975883,-117.917242
06,037,408628,6313,+33.986522,-117.940579
06,037,408629,3288,+33.978652,-117.959469
06,037,408703,8347,+33.962573,-117.889789
06,037,408704,3641,+33.983053,-117.893742
06,037,408705,6539,+33.982267,-117.880621
06,037,408706,1858,+33.975961,-117.87129
06,037,408721,10794,+33.981265,-117.902602
06,037,408722,5271,+33.971591,-117.900989
06,037,408800,4440,+34.056963,-117.749588
06,037,430001,5032,+34.149997,-117.943782
06,037,430002,8256,+34.13977,-117.954908
06,037,430101,5127,+34.138315,-117.974879
06,037,430102,6099,+34.12824,-117.98265
06,037,430200,1175,+34.148428,-117.966867
06,037,430301,4218,+34.160697,-117.998136
06,037,430302,6393,+34.154362,-118.002921
06,037,430400,4547,+34.157919,-118.026389
06,037,430501,4238,+34.17047,-118.04927
06,037,430502,6893,+34.161915,-118.054883
06,037,430600,4586,+34.155118,-118.044793
06,037,430701,5722,+34.138687,-118.060086
06,037,430721,3543,+34.137354,-118.042394
06,037,430723,4327,+34.130001,-118.059282
06,037,430724,4830,+34.126854,-118.060207
06,037,430801,7468,+34.135811,-118.026025
06,037,430802,4644,+34.126231,-118.019852
06,037,430803,5961,+34.11522,-118.022291
06,037,430900,10497,+34.137779,-118.013052
06,037,431001,8268,+34.148089,-118.004799
06,037,431002,2972,+34.145009,-117.983963
06,037,431100,8145,+34.137941,-117.997785
06,037,431200,7469,+34.122963,-117.995441
06,037,431300,2755,+34.125951,-118.006471
06,037,431400,4492,+34.112229,-118.011323
06,037,431500,9427,+34.101574,-118.028044
06,037,431600,4355,+34.110331,-118.043359
06,037,431700,7503,+34.121479,-118.042931
06,037,431800,5807,+34.119866,-118.061029
06,037,431900,3881,+34.110371,-118.060175
06,037,432000,8236,+34.102353,-118.054124
06,037,432101,4515,+34.095915,-118.043336
06,037,432102,5938,+34.093154,-118.058247
06,037,432201,4685,+34.086719,-118.082404
06,037,432202,4691,+34.085799,-118.071257
06,037,432300,4402,+34.087117,-118.040006
06,037,432401,4317,+34.089308,-118.021951
06,037,432402,7452,+34.083872,-118.026154
06,037,432500,8337,+34.093917,-118.008945
06,037,432601,7707,+34.081652,-118.014576
06,037,432602,5340,+34.081227,-118.005676
06,037,432700,6335,+34.077022,-118.028921
06,037,432801,2726,+34.076551,-118.048503
06,037,432802,8188,+34.078374,-118.053134
06,037,432901,5095,+34.076844,-118.070413
06,037,432902,3742,+34.077397,-118.059775
06,037,433100,9169,+34.06594,-118.055892
06,037,433200,7604,+34.067755,-118.038761
06,037,433301,12553,+34.071321,-118.015185
06,037,433302,1717,+34.065482,-118.019341
06,037,433303,9142,+34.069549,-118.007807
06,037,433401,4472,+34.059481,-118.041937
06,037,433402,6171,+34.059733,-118.034279
06,037,433403,6488,+34.061933,-118.027297
06,037,433501,2668,+34.058257,-118.064274
06,037,433502,10471,+34.057734,-118.052461
06,037,433601,5617,+34.067271,-118.076763
06,037,433602,3386,+34.058494,-118.079471
06,037,433700,3886,+34.048055,-118.050409
06,037,433801,7798,+34.051942,-118.035656
06,037,433802,3096,+34.040824,-118.042964
06,037,433901,7444,+34.058595,-118.020234
06,037,433902,4683,+34.05327,-118.026766
06,037,434001,5507,+34.052718,-118.012679
06,037,434002,9433,+34.044718,-118.025672
06,037,460000,4819,+34.171751,-118.07634
06,037,460100,5722,+34.191493,-118.119631
06,037,460200,5717,+34.197337,-118.138155
06,037,460301,4909,+34.203958,-118.152747
06,037,460302,4781,+34.194365,-118.157067
06,037,460400,939,+34.19612,-118.165961
06,037,460501,6040,+34.213695,-118.190253
06,037,460502,4771,+34.206524,-118.194359
06,037,460600,4536,+34.222046,-118.220266
06,037,460700,5486,+34.19495,-118.197884
06,037,460800,3149,+34.163633,-118.177378
06,037,460900,8366,+34.175085,-118.157105
06,037,461000,6805,+34.186906,-118.160385
06,037,461100,5423,+34.184385,-118.140283
06,037,461200,4347,+34.180759,-118.115516
06,037,461300,6682,+34.173882,-118.111627
06,037,461400,3461,+34.172347,-118.124117
06,037,461500,13068,+34.174586,-118.143008
06,037,461600,7113,+34.163097,-118.155768
06,037,461700,1479,+34.158388,-118.162618
06,037,461900,8808,+34.153947,-118.146913
06,037,462000,11811,+34.16293,-118.145934
06,037,462100,7164,+34.16277,-118.137234
06,037,462200,6364,+34.153776,-118.137781
06,037,462300,9381,+34.152697,-118.126679
06,037,462400,5070,+34.16361,-118.127126
06,037,462500,6720,+34.165493,-118.105502
06,037,462600,2624,+34.160799,-118.113926
06,037,462700,6550,+34.151095,-118.114882
06,037,462800,3438,+34.152118,-118.103829
06,037,462900,4051,+34.155298,-118.089058
06,037,463000,1869,+34.155913,-118.0733
06,037,463101,2855,+34.140071,-118.070729
06,037,463102,4237,+34.139327,-118.080262
06,037,463200,3815,+34.141579,-118.091086
06,037,463300,2467,+34.139461,-118.102318
06,037,463400,6710,+34.142382,-118.108857
06,037,463500,6498,+34.140161,-118.127717
06,037,463600,9972,+34.140034,-118.140455
06,037,463700,1723,+34.139419,-118.159133
06,037,463800,3932,+34.134625,-118.1772
06,037,463900,3315,+34.129989,-118.157482
06,037,464000,6048,+34.129448,-118.140308
06,037,464100,7479,+34.117697,-118.122632
06,037,464200,6519,+34.124932,-118.098929
06,037,480002,3611,+34.120345,-118.086341
06,037,480011,6123,+34.1261,-118.073846
06,037,480012,5770,+34.118276,-118.07395
06,037,480101,4322,+34.109735,-118.073698
06,037,480102,4735,+34.107692,-118.084811
06,037,480201,4008,+34.107895,-118.110473
06,037,480202,2799,+34.108629,-118.098922
06,037,480301,9498,+34.095856,-118.134775
06,037,480302,4750,+34.100889,-118.122989
06,037,480400,6019,+34.103327,-118.132968
06,037,480500,5845,+34.107801,-118.145037
06,037,480600,7864,+34.120044,-118.152768
06,037,480702,4790,+34.106687,-118.170395
06,037,480703,3403,+34.10936,-118.161991
06,037,480704,4924,+34.105527,-118.153925
06,037,480802,3743,+34.08106,-118.154734
06,037,480803,3934,+34.091223,-118.155016
06,037,480804,5939,+34.095445,-118.147472
06,037,480901,5900,+34.088033,-118.139741
06,037,480902,4980,+34.080461,-118.138573
06,037,480903,3633,+34.074299,-118.139463
06,037,481001,4403,+34.086809,-118.131055
06,037,481002,6442,+34.094545,-118.11954
06,037,481101,4730,+34.099816,-118.107797
06,037,481102,4489,+34.100523,-118.095903
06,037,481103,6021,+34.09374,-118.098477
06,037,481201,3758,+34.097525,-118.070661
06,037,481202,8154,+34.097227,-118.080198
06,037,481300,3466,+34.076301,-118.082691
06,037,481401,7223,+34.082655,-118.104579
06,037,481402,8209,+34.083286,-118.0934
06,037,481500,4663,+34.079795,-118.113573
06,037,481602,9736,+34.07452,-118.125949
06,037,481603,4582,+34.085787,-118.120399
06,037,481604,4662,+34.08445,-118.126323
06,037,481711,5344,+34.06641,-118.119545
06,037,481712,6406,+34.066626,-118.112063
06,037,481713,3119,+34.06797,-118.129455
06,037,481714,2940,+34.064575,-118.128906
06,037,481800,2864,+34.065365,-118.141064
06,037,481901,7061,+34.070803,-118.155611
06,037,481902,3732,+34.064846,-118.151052
06,037,482001,3085,+34.05768,-118.155944
06,037,482002,7859,+34.046928,-118.148207
06,037,482101,5357,+34.05921,-118.134648
06,037,482102,3233,+34.050745,-118.132575
06,037,482201,4571,+34.05894,-118.12165
06,037,482202,6186,+34.058411,-118.112446
06,037,482301,6222,+34.07453,-118.099311
06,037,482303,6947,+34.069132,-118.099593
06,037,482304,4752,+34.06462,-118.099369
06,037,482401,4617,+34.067265,-118.086602
06,037,482402,8158,+34.051961,-118.08532
06,037,482502,4151,+34.058478,-118.104145
06,037,482503,5256,+34.058367,-118.095613
06,037,482521,6832,+34.050433,-118.098616
06,037,482522,5047,+34.041124,-118.09372
06,037,482600,7598,+34.048804,-118.116691
06,037,482701,4629,+34.037249,-118.13855
06,037,482702,2671,+34.041156,-118.134132
06,037,482800,4713,+34.038799,-118.124047
06,037,500100,3429,+33.955227,-117.94616
06,037,500201,6015,+33.950061,-117.977815
06,037,500202,4290,+33.95642,-117.998702
06,037,500300,3267,+34.010941,-118.038992
06,037,500401,10140,+34.014553,-118.069931
06,037,500402,6162,+34.00386,-118.077975
06,037,500500,3116,+34.015673,-118.082939
06,037,500600,6985,+34.007832,-118.089311
06,037,500700,7209,+33.993045,-118.0943
06,037,500800,6147,+33.983918,-118.087078
06,037,500900,6312,+33.99367,-118.081745
06,037,501000,9479,+33.984694,-118.065204
06,037,501200,5321,+33.998394,-118.062273
06,037,501300,7485,+33.990882,-118.052215
06,037,501400,5093,+33.982602,-118.046702
06,037,501501,2180,+33.997894,-118.044273
06,037,501503,5470,+33.985656,-118.03736
06,037,501504,3961,+33.978265,-118.03726
06,037,501600,7153,+33.975721,-118.019514
06,037,501700,3380,+33.961827,-118.020802
06,037,501801,8975,+33.971195,-118.038547
06,037,501802,3506,+33.968641,-118.029302
06,037,501900,4334,+33.955011,-118.02669
06,037,502001,4454,+33.951615,-118.034792
06,037,502002,8678,+33.960704,-118.042977
06,037,502100,6800,+33.971691,-118.053052
06,037,502200,7947,+33.976897,-118.0714
06,037,502301,6635,+33.967467,-118.077569
06,037,502302,3762,+33.968258,-118.069273
06,037,502401,5037,+33.976426,-118.097418
06,037,502402,4562,+33.973184,-118.090511
06,037,502500,4746,+33.969961,-118.110027
06,037,502601,7730,+33.959795,-118.095012
06,037,502602,5005,+33.965101,-118.103018
06,037,502700,7744,+33.955245,-118.082796
06,037,502800,9108,+33.938137,-118.084405
06,037,502901,6257,+33.946573,-118.04064
06,037,502902,4715,+33.939857,-118.047076
06,037,503000,7939,+33.923506,-118.050947
06,037,503101,8829,+33.92253,-118.029179
06,037,503102,9282,+33.925095,-118.041969
06,037,503201,4299,+33.932993,-118.026198
06,037,503202,4748,+33.939944,-118.034047
06,037,503301,3416,+33.947928,-118.015026
06,037,503302,7285,+33.941229,-118.022494
06,037,503401,6082,+33.935807,-117.985459
06,037,503402,3975,+33.941821,-118.002065
06,037,503501,7352,+33.931977,-118.014872
06,037,503502,4187,+33.931436,-118.003674
06,037,503601,4576,+33.922667,-118.011268
06,037,503602,3895,+33.915784,-118.00168
06,037,503701,5043,+33.927931,-117.994226
06,037,503702,5310,+33.921614,-117.985914
06,037,503703,8028,+33.910428,-117.985043
06,037,503801,4580,+33.895963,-117.993543
06,037,503802,5542,+33.897589,-118.002905
06,037,503901,2835,+33.890294,-118.006995
06,037,503902,4877,+33.896181,-118.018817
06,037,504001,5037,+33.908727,-118.015336
06,037,504002,5570,+33.908935,-118.023874
06,037,504101,6389,+33.910395,-118.033877
06,037,504102,21,+33.896957,-118.04418
06,037,530003,2919,+34.023875,-118.093953
06,037,530004,3954,+34.017668,-118.096478
06,037,530005,4506,+34.027797,-118.110999
06,037,530006,4444,+34.020826,-118.113267
06,037,530101,6143,+34.012119,-118.101174
06,037,530102,5377,+34.015416,-118.114367
06,037,530202,4507,+34.02698,-118.138714
06,037,530203,3937,+34.025548,-118.127415
06,037,530204,4116,+34.018765,-118.12842
06,037,530301,2712,+34.02942,-118.155026
06,037,530302,7695,+34.026935,-118.148411
06,037,530400,4652,+34.040336,-118.156013
06,037,530500,5735,+34.039298,-118.165128
06,037,530601,4235,+34.055137,-118.175595
06,037,530602,1894,+34.055889,-118.171065
06,037,530700,2605,+34.057963,-118.186128
06,037,530801,7954,+34.050003,-118.188737
06,037,530802,4432,+34.052261,-118.181265
06,037,530901,5084,+34.043374,-118.188722
06,037,530902,4981,+34.044491,-118.18125
06,037,531000,7066,+34.0418,-118.174553
06,037,531101,6780,+34.036787,-118.18876
06,037,531102,3692,+34.037144,-118.181801
06,037,531201,7179,+34.029466,-118.186438
06,037,531202,6398,+34.025808,-118.185753
06,037,531301,7125,+34.022084,-118.184024
06,037,531302,8535,+34.01672,-118.182827
06,037,531501,9597,+34.028145,-118.16959
06,037,531502,4306,+34.019933,-118.170168
06,037,531602,5593,+34.01871,-118.164857
06,037,531603,4405,+34.02923,-118.161604
06,037,531604,4693,+34.024021,-118.16229
06,037,531701,6983,+34.021781,-118.151487
06,037,531702,5983,+34.015394,-118.160364
06,037,531800,6594,+34.01906,-118.140166
06,037,531901,7868,+34.013354,-118.142375
06,037,531902,4826,+34.011337,-118.131997
06,037,532001,3677,+34.009941,-118.122398
06,037,532002,3656,+34.002011,-118.118204
06,037,532101,7883,+34.005552,-118.107705
06,037,532102,3988,+33.997588,-118.112678
06,037,532200,8240,+33.989075,-118.120563
06,037,532302,5290,+34.009404,-118.169762
06,037,532303,5020,+34.003582,-118.152212
06,037,532304,4730,+33.976595,-118.136403
06,037,532400,96,+34.002731,-118.222817
06,037,532500,5209,+33.988741,-118.21963
06,037,532603,4267,+33.982527,-118.232531
06,037,532604,3846,+33.984479,-118.228923
06,037,532605,4513,+33.983272,-118.225433
06,037,532606,5180,+33.983116,-118.220958
06,037,532700,3772,+33.984842,-118.243287
06,037,532800,6176,+33.985783,-118.252168
06,037,532900,8648,+33.978738,-118.252704
06,037,533000,9559,+33.979109,-118.243712
06,037,533103,5098,+33.977373,-118.230426
06,037,533104,5220,+33.976584,-118.224172
06,037,533105,3592,+33.982891,-118.21633
06,037,533106,2188,+33.978223,-118.217986
06,037,533107,4551,+33.974972,-118.217738
06,037,533201,3537,+33.982176,-118.20942
06,037,533202,3358,+33.978531,-118.209752
06,037,533203,2853,+33.974551,-118.209832
06,037,533300,4819,+33.993353,-118.202281
06,037,533401,5977,+33.993715,-118.193501
06,037,533402,5023,+33.990493,-118.19537
06,037,533403,4025,+33.988307,-118.187287
06,037,533501,4131,+33.985838,-118.199864
06,037,533502,2875,+33.985525,-118.194828
06,037,533503,2623,+33.984834,-118.190917
06,037,533601,5559,+33.980855,-118.195397
06,037,533602,7605,+33.977268,-118.196562
06,037,533603,7911,+33.973201,-118.196396
06,037,533701,4578,+33.989181,-118.181734
06,037,533702,4607,+33.983656,-118.182314
06,037,533703,5143,+33.983264,-118.175817
06,037,533801,9493,+33.974088,-118.173383
06,037,533803,7731,+33.974437,-118.183593
06,037,533804,5506,+33.975299,-118.179185
06,037,533901,7929,+33.97343,-118.155439
06,037,533902,4894,+33.967472,-118.154667
06,037,534001,6687,+33.968938,-118.146134
06,037,534002,4756,+33.969129,-118.139229
06,037,534101,2837,+33.974249,-118.165767
06,037,534102,8310,+33.970788,-118.161387
06,037,534201,5526,+33.959162,-118.167004
06,037,534202,7781,+33.959586,-118.161076
06,037,534203,4017,+33.958064,-118.155262
06,037,534301,5682,+33.961682,-118.185375
06,037,534302,4945,+33.959326,-118.175432
06,037,534403,3426,+33.968871,-118.197201
06,037,534404,4474,+33.966591,-118.190744
06,037,534405,5490,+33.966769,-118.182689
06,037,534406,5390,+33.964638,-118.174812
06,037,534501,6138,+33.96764,-118.207534
06,037,534502,4907,+33.965714,-118.200665
06,037,534700,5255,+33.96853,-118.214732
06,037,534802,3709,+33.971354,-118.221597
06,037,534803,6578,+33.969271,-118.225321
06,037,534804,5366,+33.963433,-118.227257
06,037,534900,8606,+33.97047,-118.236997
06,037,535000,10442,+33.971216,-118.250463
06,037,535101,8642,+33.964752,-118.248684
06,037,535102,4901,+33.958658,-118.248868
06,037,535200,7058,+33.952359,-118.250967
06,037,535300,7912,+33.96141,-118.237354
06,037,535400,4094,+33.953171,-118.236025
06,037,535501,4837,+33.961025,-118.22149
06,037,535502,6047,+33.961746,-118.215562
06,037,535503,3067,+33.955279,-118.214526
06,037,535603,4938,+33.955212,-118.221604
06,037,535604,5370,+33.950921,-118.224213
06,037,535605,5405,+33.949021,-118.216399
06,037,535606,2526,+33.94775,-118.224968
06,037,535607,5738,+33.940959,-118.218177
06,037,535701,7181,+33.96049,-118.204049
06,037,535702,6648,+33.953895,-118.204937
06,037,535802,8023,+33.940796,-118.207862
06,037,535803,5527,+33.948397,-118.210218
06,037,535804,6866,+33.947897,-118.203395
06,037,535901,6618,+33.946729,-118.194461
06,037,535902,7086,+33.939335,-118.195698
06,037,536000,4580,+33.953434,-118.193236
06,037,536101,11724,+33.939946,-118.18247
06,037,536102,3157,+33.937123,-118.166961
06,037,536200,8270,+33.918701,-118.166667
06,037,540000,8289,+33.923233,-118.183328
06,037,540101,7258,+33.931303,-118.190526
06,037,540102,7692,+33.922891,-118.193946
06,037,540201,2866,+33.940708,-118.213438
06,037,540202,8529,+33.933713,-118.207557
06,037,540203,6564,+33.927771,-118.20494
06,037,540300,6675,+33.933703,-118.218166
06,037,540400,3039,+33.932936,-118.228557
06,037,540501,7015,+33.924403,-118.216832
06,037,540502,8370,+33.915725,-118.213996
06,037,540600,4388,+33.923523,-118.233821
06,037,540700,3919,+33.925254,-118.246496
06,037,540800,5970,+33.918534,-118.25419
06,037,540901,5665,+33.919776,-118.272932
06,037,540902,4826,+33.910038,-118.26945
06,037,541001,1312,+33.888602,-118.270999
06,037,541002,3612,+33.875597,-118.270401
06,037,541100,3732,+33.89824,-118.258045
06,037,541200,5528,+33.90803,-118.253986
06,037,541300,6396,+33.911386,-118.241626
06,037,541400,8556,+33.911957,-118.233543
06,037,541500,6713,+33.914579,-118.226996
06,037,541603,3393,+33.910737,-118.219608
06,037,541604,7610,+33.908634,-118.212969
06,037,541605,6326,+33.899472,-118.210867
06,037,541606,3130,+33.90022,-118.218176
06,037,541700,7316,+33.917023,-118.20384
06,037,541801,5572,+33.911424,-118.194788
06,037,541802,6136,+33.909864,-118.187511
06,037,542000,6516,+33.906045,-118.203611
06,037,542101,9114,+33.900824,-118.193948
06,037,542102,9698,+33.89314,-118.196411
06,037,542200,8170,+33.885451,-118.198106
06,037,542401,5582,+33.892251,-118.209611
06,037,542402,3504,+33.883748,-118.210257
06,037,542501,4634,+33.891531,-118.236308
06,037,542502,5049,+33.892365,-118.226951
06,037,542601,3622,+33.90541,-118.228095
06,037,542602,6003,+33.900005,-118.227517
06,037,542700,6218,+33.900916,-118.237003
06,037,542800,3156,+33.899473,-118.246647
06,037,542900,3697,+33.893093,-118.247022
06,037,543000,4622,+33.890448,-118.256846
06,037,543100,7133,+33.883968,-118.250141
06,037,543201,3728,+33.884727,-118.2351
06,037,543202,5769,+33.88494,-118.223458
06,037,543303,8001,+33.83302,-118.247012
06,037,543304,6347,+33.851948,-118.2419
06,037,543305,2624,+33.86047,-118.22354
06,037,543321,5334,+33.868364,-118.257836
06,037,543322,6968,+33.852564,-118.256868
06,037,543400,5116,+33.862279,-118.270451
06,037,543501,7645,+33.830394,-118.2822
06,037,543502,5019,+33.842048,-118.294468
06,037,543503,6412,+33.831902,-118.292107
06,037,543601,4706,+33.821673,-118.282319
06,037,543602,8173,+33.817708,-118.2924
06,037,543603,4174,+33.804553,-118.294535
06,037,543604,6156,+33.813987,-118.281288
06,037,543701,3672,+33.821314,-118.268364
06,037,543702,7571,+33.813481,-118.26977
06,037,543703,4246,+33.803196,-118.268887
06,037,543801,6044,+33.838286,-118.274321
06,037,543802,8060,+33.828919,-118.269663
06,037,543903,4400,+33.827209,-118.257364
06,037,543904,5561,+33.810282,-118.261423
06,037,544000,9028,+33.833406,-118.220132
06,037,550000,559,+33.921149,-118.067423
06,037,550100,8239,+33.924875,-118.076253
06,037,550200,9296,+33.92401,-118.087532
06,037,550300,8400,+33.925081,-118.100231
06,037,550400,1571,+33.933614,-118.097019
06,037,550500,7995,+33.951101,-118.105196
06,037,550600,9860,+33.959631,-118.119189
06,037,550700,7028,+33.96379,-118.131748
06,037,550800,7419,+33.951636,-118.143308
06,037,550900,10187,+33.946932,-118.128153
06,037,551000,7158,+33.937935,-118.112644
06,037,551100,11709,+33.925104,-118.122504
06,037,551201,3712,+33.92809,-118.145286
06,037,551202,8357,+33.924349,-118.138371
06,037,551300,6074,+33.933831,-118.134369
06,037,551400,9540,+33.942538,-118.151225
06,037,551500,10032,+33.931791,-118.154506
06,037,551600,250,+33.92703,-118.15732
06,037,551700,7418,+33.917325,-118.148219
06,037,551800,7983,+33.913084,-118.124478
06,037,551900,5684,+33.909732,-118.104515
06,037,552000,9155,+33.91288,-118.091236
06,037,552100,5990,+33.905525,-118.087912
06,037,552200,8414,+33.909546,-118.074861
06,037,552300,9513,+33.909547,-118.061363
06,037,552400,3145,+33.900385,-118.052017
06,037,552601,7019,+33.89095,-118.077744
06,037,552602,5084,+33.890529,-118.066544
06,037,552700,7798,+33.898509,-118.073656
06,037,552800,7348,+33.898763,-118.090456
06,037,552900,7840,+33.891861,-118.093043
06,037,553000,5197,+33.895066,-118.103878
06,037,553100,6572,+33.892706,-118.112614
06,037,553200,7315,+33.905964,-118.120585
06,037,553300,3330,+33.904445,-118.139105
06,037,553400,4571,+33.908082,-118.147524
06,037,553501,9771,+33.90868,-118.154873
06,037,553502,5153,+33.899064,-118.152921
06,037,553601,5727,+33.903633,-118.17145
06,037,553602,5206,+33.907328,-118.163488
06,037,553701,4930,+33.900762,-118.177304
06,037,553702,6236,+33.896822,-118.181238
06,037,553801,4951,+33.892396,-118.173135
06,037,553802,6960,+33.88588,-118.173686
06,037,553901,8151,+33.892956,-118.150948
06,037,553902,6880,+33.883969,-118.153042
06,037,554001,4293,+33.898673,-118.132404
06,037,554002,5809,+33.892244,-118.133583
06,037,554101,4864,+33.890349,-118.1236
06,037,554102,9897,+33.890082,-118.119499
06,037,554201,4209,+33.883064,-118.138385
06,037,554202,8788,+33.882886,-118.127749
06,037,554300,8422,+33.876999,-118.146565
06,037,554401,8021,+33.872656,-118.115836
06,037,554403,6133,+33.873265,-118.137908
06,037,554404,3943,+33.873521,-118.129745
06,037,554511,4948,+33.879101,-118.042215
06,037,554512,6954,+33.874192,-118.053836
06,037,554513,2996,+33.883798,-118.06833
06,037,554514,5257,+33.874054,-118.068751
06,037,554515,4183,+33.852219,-118.077258
06,037,554516,5120,+33.855498,-118.067509
06,037,554517,5865,+33.862464,-118.054783
06,037,554518,6046,+33.867771,-118.040668
06,037,554519,4032,+33.855049,-118.054727
06,037,554521,6599,+33.871262,-118.099663
06,037,554522,5995,+33.852829,-118.091079
06,037,554600,4277,+33.883595,-118.08878
06,037,554700,5899,+33.884072,-118.076831
06,037,554801,4628,+33.878132,-118.08063
06,037,554802,6876,+33.869453,-118.07977
06,037,554900,7774,+33.861369,-118.079139
06,037,555001,6815,+33.842761,-118.087096
06,037,555002,3936,+33.835316,-118.087705
06,037,555102,7947,+33.839116,-118.077262
06,037,555103,5727,+33.842433,-118.066796
06,037,555104,4815,+33.835336,-118.066599
06,037,555202,3382,+33.820891,-118.073524
06,037,555211,7909,+33.827123,-118.077037
06,037,555212,5282,+33.827624,-118.068265
06,037,570001,4650,+33.863413,-118.117212
06,037,570002,2726,+33.864232,-118.129398
06,037,570003,4479,+33.864239,-118.140337
06,037,570100,2884,+33.865031,-118.152091
06,037,570202,7408,+33.879636,-118.178778
06,037,570203,4879,+33.877524,-118.156709
06,037,570204,4613,+33.871763,-118.156518
06,037,570301,8215,+33.867931,-118.18893
06,037,570303,4578,+33.859738,-118.190867
06,037,570304,5752,+33.855861,-118.192229
06,037,570401,10688,+33.877709,-118.201586
06,037,570402,3689,+33.869425,-118.20017
06,037,570501,8467,+33.867729,-118.178958
06,037,570502,7309,+33.867454,-118.170319
06,037,570601,5922,+33.857164,-118.181052
06,037,570602,7486,+33.856335,-118.173189
06,037,570603,5498,+33.856763,-118.161665
06,037,570701,7422,+33.852995,-118.148678
06,037,570702,2405,+33.850258,-118.15942
06,037,570800,5712,+33.854753,-118.132119
06,037,570901,5822,+33.852195,-118.10885
06,037,570902,3636,+33.853055,-118.121154
06,037,571000,5836,+33.838345,-118.102248
06,037,571101,4525,+33.843456,-118.116528
06,037,571102,3857,+33.835972,-118.11528
06,037,571200,8159,+33.839976,-118.133604
06,037,571300,4401,+33.841456,-118.149183
06,037,571400,4946,+33.839521,-118.16062
06,037,571501,8554,+33.84264,-118.171368
06,037,571502,4998,+33.84191,-118.184822
06,037,571600,2216,+33.850411,-118.181091
06,037,571701,7130,+33.848622,-118.19738
06,037,571702,8971,+33.84946,-118.189411
06,037,571800,3091,+33.83092,-118.194222
06,037,571900,5457,+33.832634,-118.179065
06,037,572001,5449,+33.822689,-118.176145
06,037,572002,4420,+33.822509,-118.190917
06,037,572100,1151,+33.820775,-118.200559
06,037,572201,7001,+33.815336,-118.196068
06,037,572202,4095,+33.808169,-118.197054
06,037,572301,4243,+33.82237,-118.217248
06,037,572302,3983,+33.815458,-118.211824
06,037,572400,1102,+33.822218,-118.209783
06,037,572500,3956,+33.814993,-118.217699
06,037,572600,5924,+33.808491,-118.214298
06,037,572700,6465,+33.800718,-118.213951
06,037,572800,274,+33.793765,-118.218125
06,037,572900,6342,+33.793143,-118.211766
06,037,573001,8822,+33.793308,-118.198052
06,037,573002,5253,+33.793367,-118.1918
06,037,573100,8403,+33.800327,-118.195519
06,037,573201,6145,+33.800606,-118.185509
06,037,573202,6892,+33.793719,-118.185228
06,037,573300,5291,+33.794529,-118.177483
06,037,573401,1707,+33.81586,-118.178318
06,037,573402,7936,+33.795676,-118.168241
06,037,573403,2073,+33.798158,-118.162024
06,037,573500,43,+33.812866,-118.174298
06,037,573600,6121,+33.825095,-118.125347
06,037,573700,4643,+33.825278,-118.109952
06,037,573800,4404,+33.823591,-118.099047
06,037,573902,2218,+33.813044,-118.078237
06,037,574000,5130,+33.814806,-118.101769
06,037,574100,4941,+33.815038,-118.123444
06,037,574201,3090,+33.804157,-118.129549
06,037,574202,2207,+33.801392,-118.140967
06,037,574300,5584,+33.798778,-118.116433
06,037,574400,5112,+33.803501,-118.105271
06,037,574500,6484,+33.787796,-118.100029
06,037,574601,1872,+33.784057,-118.120404
06,037,574602,1055,+33.778558,-118.108481
06,037,574700,450,+33.776094,-118.118488
06,037,574800,2816,+33.78379,-118.128992
06,037,574901,3630,+33.79228,-118.125799
06,037,574902,5248,+33.789736,-118.13666
06,037,575001,3397,+33.794414,-118.146621
06,037,575002,4855,+33.785231,-118.144072
06,037,575101,6347,+33.787813,-118.163273
06,037,575102,5938,+33.784615,-118.163008
06,037,575103,6378,+33.7869,-118.153553
06,037,575201,6109,+33.786375,-118.177171
06,037,575202,6894,+33.786037,-118.17093
06,037,575300,6176,+33.786015,-118.186145
06,037,575401,7300,+33.786323,-118.196342
06,037,575402,4869,+33.786783,-118.192174
06,037,575500,290,+33.787552,-118.215861
06,037,575600,34,+33.766357,-118.230617
06,037,575801,3344,+33.778361,-118.200879
06,037,575802,7312,+33.779094,-118.197331
06,037,575803,3316,+33.779207,-118.193878
06,037,575901,4418,+33.772265,-118.199998
06,037,575902,5744,+33.772819,-118.195804
06,037,576000,478,+33.767652,-118.196226
06,037,576100,2597,+33.767038,-118.185641
06,037,576200,6762,+33.772603,-118.184984
06,037,576300,11207,+33.778741,-118.185908
06,037,576401,6443,+33.77844,-118.178904
06,037,576402,7182,+33.779284,-118.174311
06,037,576403,7551,+33.77873,-118.170007
06,037,576501,4156,+33.77218,-118.178844
06,037,576502,5790,+33.77219,-118.174346
06,037,576503,5507,+33.772086,-118.169782
06,037,576601,4592,+33.766815,-118.179216
06,037,576602,3962,+33.766017,-118.171736
06,037,576700,3849,+33.765772,-118.160664
06,037,576801,5142,+33.771846,-118.164743
06,037,576802,4452,+33.771907,-118.157749
06,037,576901,7942,+33.779614,-118.164872
06,037,576902,9316,+33.779021,-118.157395
06,037,577000,7904,+33.779323,-118.146012
06,037,577100,7004,+33.770975,-118.148589
06,037,577200,5716,+33.763095,-118.148867
06,037,577300,5818,+33.758382,-118.137974
06,037,577400,3210,+33.762682,-118.134571
06,037,577501,3239,+33.755382,-118.122902
06,037,577502,1446,+33.748703,-118.123027
06,037,577601,1189,+33.758781,-118.10871
06,037,577602,3141,+33.770781,-118.112543
06,037,577603,8049,+33.768676,-118.128854
06,037,599000,3624,+33.342238,-118.328229
06,037,599100,734,+33.383806,-118.413936
06,037,600100,7460,+33.954961,-118.295614
06,037,600201,5114,+33.948181,-118.29722
06,037,600202,7519,+33.942347,-118.298926
06,037,600301,8862,+33.935403,-118.296192
06,037,600302,3560,+33.935415,-118.304639
06,037,600400,4151,+33.938001,-118.314282
06,037,600501,2484,+33.934228,-118.322014
06,037,600502,2399,+33.928263,-118.331323
06,037,600601,2453,+33.941618,-118.322019
06,037,600602,4062,+33.942843,-118.329691
06,037,600702,2978,+33.948576,-118.324295
06,037,600703,1594,+33.957783,-118.335134
06,037,600704,2804,+33.955997,-118.324062
06,037,600801,2993,+33.965258,-118.32193
06,037,600802,2756,+33.964184,-118.331077
06,037,600902,7735,+33.972077,-118.352203
06,037,600911,4080,+33.978111,-118.351701
06,037,600912,6745,+33.978059,-118.341089
06,037,601001,2147,+33.964012,-118.347556
06,037,601002,6302,+33.956009,-118.34774
06,037,601100,8002,+33.948945,-118.347786
06,037,601202,5149,+33.949253,-118.357283
06,037,601211,3332,+33.962201,-118.35894
06,037,601212,7806,+33.955763,-118.357196
06,037,601301,1997,+33.979073,-118.363015
06,037,601302,7621,+33.971411,-118.366298
06,037,601303,5662,+33.974041,-118.361915
06,037,601401,5815,+33.960897,-118.365546
06,037,601402,6468,+33.951161,-118.364752
06,037,601501,5706,+33.943191,-118.363232
06,037,601502,5236,+33.939807,-118.361753
06,037,601600,6239,+33.935172,-118.361831
06,037,601700,7611,+33.935714,-118.34996
06,037,601801,4854,+33.943225,-118.350342
06,037,601802,6358,+33.939889,-118.350572
06,037,601900,8252,+33.941058,-118.339492
06,037,602002,3602,+33.927138,-118.340382
06,037,602003,6288,+33.934255,-118.339619
06,037,602004,4667,+33.934401,-118.33082
06,037,602103,8475,+33.927544,-118.357395
06,037,602104,6673,+33.92746,-118.348108
06,037,602105,5001,+33.919726,-118.347078
06,037,602106,6283,+33.920342,-118.358287
06,037,602200,7539,+33.924393,-118.368215
06,037,602301,7300,+33.909289,-118.3652
06,037,602302,2967,+33.907137,-118.374711
06,037,602402,7305,+33.909235,-118.356749
06,037,602403,5704,+33.912878,-118.347501
06,037,602404,6746,+33.905756,-118.347803
06,037,602501,12888,+33.913107,-118.337247
06,037,602502,10770,+33.905842,-118.338903
06,037,602503,9732,+33.905518,-118.330569
06,037,602600,8059,+33.910116,-118.319166
06,037,602700,3247,+33.926528,-118.317061
06,037,602800,9682,+33.923505,-118.297921
06,037,602900,5205,+33.911304,-118.29693
06,037,603001,7918,+33.900696,-118.295614
06,037,603003,9600,+33.896118,-118.304023
06,037,603004,1883,+33.893095,-118.296992
06,037,603101,5018,+33.886258,-118.295444
06,037,603102,4470,+33.877985,-118.295042
06,037,603200,2617,+33.867805,-118.300599
06,037,603301,4667,+33.884015,-118.306129
06,037,603302,4274,+33.877217,-118.305511
06,037,603400,5008,+33.894482,-118.312836
06,037,603500,3353,+33.898182,-118.320753
06,037,603600,4156,+33.889366,-118.321864
06,037,603702,5633,+33.890995,-118.334892
06,037,603703,2736,+33.898355,-118.339206
06,037,603704,7486,+33.897833,-118.330181
06,037,603800,9764,+33.89512,-118.348046
06,037,603900,8011,+33.895096,-118.357212
06,037,604000,10764,+33.879541,-118.357098
06,037,604100,7699,+33.882449,-118.348011
06,037,609900,1977,+33.740006,-118.300274
06,037,620001,4017,+33.927018,-118.4039
06,037,620002,3666,+33.920689,-118.405756
06,037,620003,2,+33.921313,-118.393438
06,037,620101,5761,+33.927744,-118.419641
06,037,620102,3940,+33.919869,-118.418675
06,037,620201,1707,+33.903151,-118.419809
06,037,620301,4835,+33.898286,-118.405316
06,037,620302,6597,+33.893902,-118.414104
06,037,620303,4770,+33.891244,-118.401914
06,037,620400,5344,+33.892639,-118.386878
06,037,620501,5768,+33.883758,-118.371817
06,037,620521,4583,+33.876303,-118.36512
06,037,620522,4745,+33.876306,-118.374961
06,037,620601,5663,+33.869794,-118.366432
06,037,620602,5574,+33.862226,-118.365872
06,037,620701,7168,+33.869841,-118.381076
06,037,620702,7279,+33.862437,-118.379842
06,037,620800,7807,+33.88081,-118.387108
06,037,620901,2702,+33.882737,-118.400537
06,037,620902,3148,+33.88087,-118.406984
06,037,621001,4225,+33.869401,-118.39393
06,037,621002,5970,+33.870078,-118.402203
06,037,621101,6507,+33.857847,-118.396296
06,037,621102,3022,+33.859693,-118.388328
06,037,621201,6713,+33.849877,-118.38307
06,037,621202,3532,+33.845021,-118.391349
06,037,621301,6794,+33.835586,-118.379353
06,037,621321,3782,+33.834507,-118.388111
06,037,621322,3249,+33.822172,-118.388219
06,037,621400,4416,+33.822488,-118.379844
06,037,650001,6588,+33.878797,-118.31886
06,037,650002,8559,+33.876252,-118.334059
06,037,650101,6080,+33.86685,-118.317416
06,037,650102,2518,+33.869768,-118.332422
06,037,650200,6466,+33.862813,-118.335468
06,037,650300,7398,+33.867149,-118.349514
06,037,650400,4286,+33.834812,-118.336119
06,037,650501,3431,+33.853224,-118.358424
06,037,650502,4372,+33.853135,-118.370031
06,037,650601,9364,+33.842181,-118.349139
06,037,650602,8242,+33.841323,-118.360807
06,037,650603,4348,+33.843751,-118.369372
06,037,650701,2253,+33.831803,-118.358559
06,037,650702,4830,+33.831643,-118.367341
06,037,650800,7157,+33.82775,-118.334778
06,037,650901,6312,+33.837012,-118.321995
06,037,650902,7085,+33.824302,-118.31616
06,037,651001,5565,+33.812137,-118.314432
06,037,651002,5037,+33.813803,-118.324061
06,037,651101,5496,+33.816731,-118.334479
06,037,651102,3516,+33.820431,-118.346428
06,037,651201,5356,+33.821131,-118.367072
06,037,651221,3318,+33.821897,-118.355173
06,037,651222,6670,+33.812308,-118.358401
06,037,651301,5216,+33.812975,-118.383991
06,037,651302,6256,+33.806738,-118.371611
06,037,651400,9418,+33.793741,-118.341979
06,037,670001,3422,+33.803495,-118.316897
06,037,670002,4171,+33.794806,-118.313498
06,037,670003,6583,+33.796801,-118.323166
06,037,670100,7145,+33.785639,-118.317536
06,037,670201,4172,+33.779127,-118.342263
06,037,670202,2873,+33.788062,-118.362257
06,037,670301,5342,+33.799652,-118.377755
06,037,670321,3980,+33.78696,-118.400835
06,037,670322,5080,+33.771927,-118.414164
06,037,670403,2589,+33.777194,-118.367955
06,037,670405,2586,+33.767595,-118.376258
06,037,670406,1782,+33.763645,-118.385005
06,037,670407,6643,+33.775241,-118.385992
06,037,670411,4750,+33.78563,-118.378636
06,037,670413,5389,+33.772523,-118.398126
06,037,670414,4431,+33.755223,-118.403259
06,037,670500,1988,+33.758847,-118.344634
06,037,670600,7779,+33.744133,-118.365835
06,037,670701,7029,+33.760314,-118.313231
06,037,670702,5449,+33.751708,-118.326248
06,037,700100,11542,+34.091078,-118.354922
06,037,700200,7097,+34.092835,-118.365325
06,037,700300,6144,+34.091518,-118.37191
06,037,700400,5870,+34.08201,-118.378218
06,037,700500,8830,+34.089142,-118.384473
06,037,700600,6086,+34.088404,-118.400103
06,037,700700,3798,+34.078915,-118.415894
06,037,700800,10021,+34.07167,-118.388833
06,037,700901,4505,+34.062679,-118.383025
06,037,700902,7469,+34.062045,-118.394257
06,037,701000,5881,+34.061791,-118.406066
06,037,701100,684,+34.054295,-118.455428
06,037,701201,4627,+34.040774,-118.493598
06,037,701202,3395,+34.033984,-118.489556
06,037,701301,6432,+34.029845,-118.506076
06,037,701302,4957,+34.027216,-118.497832
06,037,701400,6835,+34.021771,-118.501565
06,037,701501,5177,+34.027783,-118.490873
06,037,701502,4088,+34.025248,-118.487569
06,037,701601,4330,+34.038423,-118.480245
06,037,701602,3840,+34.035845,-118.474602
06,037,701701,3709,+34.033876,-118.470476
06,037,701702,3381,+34.022548,-118.484552
06,037,701801,7211,+34.025797,-118.465163
06,037,701802,5584,+34.018031,-118.477219
06,037,701900,2864,+34.014771,-118.493331
06,037,702000,5754,+34.007051,-118.484321
06,037,702100,6637,+34.001733,-118.478501
06,037,702201,4679,+34.013043,-118.473648
06,037,702202,4224,+34.008127,-118.467995
06,037,702300,6955,+34.02004,-118.458112
06,037,702400,5425,+34.024882,-118.385789
06,037,702501,4893,+34.01402,-118.395674
06,037,702502,4191,+34.007715,-118.388586
06,037,702600,6294,+33.996113,-118.395255
06,037,702700,3488,+34.00527,-118.402705
06,037,702801,5892,+34.012188,-118.410875
06,037,702802,2583,+34.00563,-118.417288
06,037,702803,3635,+33.996157,-118.430809
06,037,702901,8031,+33.976952,-118.454504
06,037,703001,6141,+33.984091,-118.384864
06,037,703002,6436,+33.985681,-118.373441
06,037,703100,5198,+33.991907,-118.353547
06,037,703200,5187,+33.998422,-118.339626
06,037,800101,6140,+34.138687,-118.623801
06,037,800102,5589,+34.105995,-118.608201
06,037,800201,10534,+34.155637,-118.663901
06,037,800202,5522,+34.125731,-118.666186
06,037,800302,9006,+34.154211,-118.731756
06,037,800303,8515,+34.128791,-118.726816
06,037,800323,8892,+34.161294,-118.773827
06,037,800324,8054,+34.151705,-118.778576
06,037,800325,3674,+34.144308,-118.817792
06,037,800326,5318,+34.131964,-118.821069
06,037,800401,3394,+34.043346,-118.720701
06,037,800403,7470,+34.023088,-118.80556
06,037,800404,2994,+34.054184,-118.85757
06,037,800501,3178,+34.048381,-118.603513
06,037,800502,2776,+34.041322,-118.671542
06,037,900101,12473,+34.613723,-117.834011
06,037,900102,1002,+34.678368,-117.776808
06,037,900200,1541,+34.719524,-117.971225
06,037,900300,2112,+34.71571,-118.080871
06,037,900501,7397,+34.682471,-118.122344
06,037,900502,9015,+34.681781,-118.103861
06,037,900503,9404,+34.678226,-118.082671
06,037,900504,4822,+34.669653,-118.114953
06,037,900602,4887,+34.707048,-118.116041
06,037,900604,9632,+34.696384,-118.104976
06,037,900605,5956,+34.700638,-118.086986
06,037,900606,4450,+34.699674,-118.123082
06,037,900607,4371,+34.693244,-118.123344
06,037,900701,5680,+34.682,-118.140927
06,037,900703,5330,+34.682686,-118.155619
06,037,900704,3809,+34.669893,-118.142533
06,037,900705,4543,+34.665932,-118.160159
06,037,900803,7315,+34.709834,-118.156285
06,037,900804,4027,+34.710947,-118.144757
06,037,900805,5123,+34.696737,-118.156642
06,037,900806,4276,+34.69598,-118.143162
06,037,900900,2763,+34.758144,-118.257286
06,037,901003,6413,+34.699067,-118.236379
06,037,901004,7067,+34.684373,-118.19372
06,037,901005,9023,+34.686638,-118.175612
06,037,901006,11752,+34.666827,-118.184493
06,037,901007,1863,+34.656585,-118.181962
06,037,901101,4438,+34.65336,-118.226007
06,037,901102,4556,+34.658132,-118.210889
06,037,901203,1509,+34.762649,-118.565981
06,037,901204,2410,+34.66154,-118.402036
06,037,901205,6670,+34.661526,-118.247148
06,037,901206,1078,+34.612263,-118.401931
06,037,901207,2828,+34.627511,-118.27744
06,037,910000,11587,+34.552925,-117.957905
06,037,910100,2049,+34.588997,-118.077679
06,037,910201,3594,+34.600647,-118.130699
06,037,910202,3459,+34.624658,-118.172387
06,037,910203,10997,+34.594475,-118.163949
06,037,910204,11139,+34.608636,-118.189699
06,037,910205,975,+34.54125,-118.127072
06,037,910206,1521,+34.596502,-118.244234
06,037,910301,3907,+34.637512,-118.224214
06,037,910302,5357,+34.621741,-118.219396
06,037,910401,5479,+34.578437,-118.145544
06,037,910402,5195,+34.582985,-118.123809
06,037,910403,3361,+34.575483,-118.121725
06,037,910404,4552,+34.565522,-118.124334
06,037,910501,8020,+34.579144,-118.110513
06,037,910502,4414,+34.578173,-118.099746
06,037,910503,9545,+34.565502,-118.102041
06,037,910601,6719,+34.583361,-118.076106
06,037,910602,3235,+34.575255,-118.076988
06,037,910603,7870,+34.565179,-118.085175
06,037,910604,8699,+34.565913,-118.066622
06,037,910703,10353,+34.561783,-118.051971
06,037,910704,10630,+34.566753,-118.037704
06,037,910705,6046,+34.566469,-118.022126
06,037,910706,4405,+34.551826,-118.030509
06,037,910707,5356,+34.551846,-118.097439
06,037,910708,452,+34.501998,-118.087098
06,037,910709,1558,+34.535554,-118.04798
06,037,910710,12524,+34.550529,-118.073592
06,037,910803,3203,+34.506326,-118.317153
06,037,910804,2957,+34.508377,-118.188261
06,037,910805,4752,+34.470221,-118.197585
06,037,910806,342,+34.433745,-118.154019
06,037,910807,5542,+34.434678,-118.409069
06,037,910808,3935,+34.448606,-118.393707
06,037,910809,2032,+34.400396,-118.40929
06,037,910810,1958,+34.443855,-118.379709
06,037,910901,1390,+34.463894,-117.916844
06,037,910902,1437,+34.497635,-117.901143
06,037,911000,1294,+34.449371,-117.769952
06,037,920013,3937,+34.435087,-118.511083
06,037,920014,277,+34.53574,-118.476617
06,037,920015,4811,+34.471663,-118.530982
06,037,920016,4732,+34.464137,-118.527407
06,037,920017,4625,+34.440576,-118.527248
06,037,920018,2478,+34.455756,-118.528631
06,037,920019,8124,+34.450273,-118.517314
06,037,920020,6893,+34.457775,-118.49536
06,037,920023,2527,+34.42306,-118.489569
06,037,920026,382,+34.476095,-118.435474
06,037,920027,11,+34.501622,-118.384802
06,037,920028,2889,+34.437076,-118.488363
06,037,920029,3384,+34.43095,-118.480858
06,037,920030,6504,+34.415542,-118.487609
06,037,920031,4274,+34.404513,-118.477801
06,037,920032,2121,+34.454659,-118.488049
06,037,920033,408,+34.457671,-118.428367
06,037,920034,3254,+34.433364,-118.459354
06,037,920035,8104,+34.418698,-118.465191
06,037,920036,3897,+34.422299,-118.47561
06,037,920037,6192,+34.411142,-118.452139
06,037,920038,4974,+34.421957,-118.449333
06,037,920039,2003,+34.421671,-118.440196
06,037,920040,2513,+34.430037,-118.428669
06,037,920041,1548,+34.422382,-118.429288
06,037,920042,5496,+34.401388,-118.464388
06,037,920043,2881,+34.397328,-118.432511
06,037,920103,3380,+34.517348,-118.614328
06,037,920104,1986,+34.497005,-118.665345
06,037,920105,10690,+34.465081,-118.622732
06,037,920106,2888,+34.449489,-118.66607
06,037,920109,3471,+34.461912,-118.545815
06,037,920110,5608,+34.447972,-118.545689
06,037,920111,3590,+34.452771,-118.538792
06,037,920112,4391,+34.436018,-118.537921
06,037,920113,10745,+34.435155,-118.549645
06,037,920303,911,+34.280203,-118.606836
06,037,920312,4871,+34.3671,-118.53303
06,037,920313,6017,+34.372185,-118.551676
06,037,920314,2799,+34.399501,-118.526478
06,037,920322,2905,+34.382412,-118.54971
06,037,920326,4157,+34.376789,-118.588602
06,037,920327,10194,+34.394709,-118.598137
06,037,920328,1205,+34.413657,-118.565711
06,037,920329,6055,+34.408633,-118.550584
06,037,920330,4966,+34.404116,-118.558899
06,037,920331,4250,+34.39822,-118.546441
06,037,920332,2408,+34.382574,-118.514043
06,037,920334,5983,+34.389885,-118.559115
06,037,920335,17817,+34.379761,-118.525645
06,037,930000,528,+34.202544,-117.797356
06,037,930100,174,+34.255634,-118.189057
06,037,930200,725,+34.319923,-118.371538
